sku;family;groups;categories;name;attr_6;attr_78;attr_89;attr_83-EUR;attr_83-USD;attr_62;attr_62-unit;attr_16;attr_64;attr_26;attr_50;attr_70;attr_99;attr_7;attr_92-ecommerce;attr_92-print;attr_65;attr_37;attr_30;attr_36;attr_77;attr_48;attr_93;attr_80;attr_1;attr_44;attr_94-en_US;attr_42;attr_42-unit;attr_71-EUR;attr_71-USD;attr_86;attr_18;attr_73;attr_0-en_US-ecommerce;attr_0-en_US-print;attr_34;attr_25;attr_96;attr_39-en_US;attr_33;attr_51;attr_74;attr_17;attr_69;attr_87;attr_63;attr_19-EUR;attr_19-USD;attr_82;attr_55;attr_10-EUR;attr_10-USD;attr_29;attr_46-ecommerce;attr_46-print;attr_35;attr_35-unit;attr_60;attr_98-EUR;attr_98-USD;attr_68;attr_68-unit;attr_20;attr_47;attr_84;attr_52;attr_53-en_US;attr_23;attr_40;attr_43-en_US;attr_31;attr_72;attr_5;attr_3-ecommerce;attr_3-print;attr_38;attr_58;attr_41;attr_54;attr_56;attr_32;attr_14-ecommerce;attr_14-print;attr_61;attr_61-unit;attr_28-EUR;attr_28-USD;attr_49;attr_12;attr_27;attr_22;attr_22-unit;attr_21;attr_59-ecommerce;attr_59-print;attr_24;attr_13;attr_81-en_US-ecommerce;attr_81-en_US-print;attr_15;attr_11-EUR;attr_11-USD;attr_66-EUR;attr_66-USD;attr_88;attr_97;attr_8;attr_9-ecommerce;attr_9-print;attr_95;attr_95-unit;attr_85;attr_90;attr_79;attr_67;attr_67-unit;attr_76;attr_4;attr_75-en_US;attr_91;attr_45-en_US;attr_57-en_US;attr_57-en_US-unit;attr_2
id-0;fam_8;;;"Sint exercitationem illum beatae enim blanditiis.";attr_opt_attr_66;0;;557;171;591;METER;;attr_opt_attr_648;;;;;;;;;;;;;;;;;;;;;;;;;;;;;;;;;;;;;;;;;;;;;;;;;;;;;;;;;;;;;;;;;;;;;;;;;;;;;;;;;;;;;;;;;;;;;;;;;;;;;;;;;;;;;;;;;;;;
id-1;fam_16;;;;;1;;945;314;;;;;;1;0;1;"Sit voluptatem voluptatum qui placeat mollitia sit sunt libero.";"Qui repudiandae omnis non est.";"Culpa accusantium mollitia eligendi mollitia.";739;2015-05-24;;"Quae rerum magni earum numquam.";;;;;;;;;;;;;;;;;;;;;;;;;;;;;;;;;;;;;;;;;;;;;;;;;;;;;;;;;;;;;;;;;;;;;;;;;;;;;;;;;;;;;;;;;;;;;;;;;;;;;;;;;
id-2;fam_35;;;;;;;;;451;METER;;;;;1;;;;;;;;;;;"Inventore ipsum tempora enim et eveniet sequi.";;;674;"Necessitatibus quo porro dolores rerum incidunt nam nihil.";;;;;;;;;;;;;;;;;;;;;;;;;;;;;;;;;;;;;;;;;;;;;;;;;;;;;;;;;;;;;;;;;;;;;;;;;;;;;;;;;;;;;;;;;;;;;;;;;;
id-3;fam_35;;;;;;;;;598;METER;;;;;;;;;;711;;;;;;;;;;"Dicta quisquam est error libero voluptas ut odio.";983;METER;983;946;15;;;;;;;;;;;;;;;;;;;;;;;;;;;;;;;;;;;;;;;;;;;;;;;;;;;;;;;;;;;;;;;;;;;;;;;;;;;;;;;;;;;;;;;;;;;;;
id-4;fam_18;;;;;;;;;;;;attr_opt_attr_641;;;;;;;;946;;;;;;;;;;"Vero beatae numquam beatae.";;;23;325;;;;attr_opt_attr_09;attr_opt_attr_09;attr_opt_attr_345;attr_opt_attr_253;attr_opt_attr_962;1993-11-07;;1993-08-07;1;;;;;;;;;;;;;;;;;;;;;;;;;;;;;;;;;;;;;;;;;;;;;;;;;;;;;;;;;;;;;;;;;;;;;;;;;;;;;;;;;;
id-5;fam_19;;;;;;;;;;;;;;;;;;"Quia deserunt quibusdam eaque sapiente repudiandae doloribus dolorum.";"In ut ut aut.";;;;;;;;;;;;968;METER;;;;;;;;;;;;;;;"Adipisci voluptatum impedit quaerat officia similique ipsa qui.";"Deleniti dolorem labore qui dolores delectus aut.";830;attr_opt_attr_639;738;747;;;;;;;;;;;;;;;;;;;;;;;;;;;;;;;;;;;;;;;;;;;;;;;;;;;;;;;;;;;;;;;;;;;;;;;;;;;;
id-6;fam_31;;;;;;;;;;;;;;;;;;;;;;;;;;;;;;;;;;;;;;;;;;;;;;;;;;;;;;;514;398;0;1977-05-30;1986-05-30;356;METER;"Laboriosam ducimus veniam ea ut numquam fugit ab.";736;445;554;METER;;;;;;;;;;;;;;;;;;;;;;;;;;;;;;;;;;;;;;;;;;;;;;;;;;;;;;;;;;;;;;
id-7;fam_46;;;"Aut molestias atque illum eveniet.";;;;236;262;;;;;;;;;;;;;;;;;;;;;;;;;690;941;;;;;;;;;2003-09-21;;;;;;;;;;;;;;;;;;;;;;;;2010-03-10;2015-02-11;"Dignissimos dolor est cum recusandae.";attr_opt_attr_525;;;;;;;;;;;;;;;;;;;;;;;;;;;;;;;;;;;;;;;;;;;;;;;;;;;;;;;;;;
id-8;fam_37;;;"Adipisci inventore et neque velit nostrum blanditiis.";;;;;;;;;;;;;;;;;;;;;;;;;;;;;;;;459;;;;;;;;;;;0;;;35;;;;;;;;;;;;;"Ea nemo sed pariatur atque.";;;;;;;"Soluta veniam eveniet quam.";;;attr_opt_attr_231;;1974-04-09;"Doloremque amet officiis similique ut modi.";;;;;;;;;;;;;;;;;;;;;;;;;;;;;;;;;;;;;;;;;;;;;;;;;;;;;
id-9;fam_19;;;;;;;;;;;;;;;;1;;"Voluptate autem quidem autem eaque.";"Aut tempore cumque adipisci enim et occaecati.";3;;;;;;;;;741;;;;;;;;;;;;;attr_opt_attr_964;;;;0;;"Eum officiis voluptas ut inventore.";;;93;483;;;;;;;;;;;;;;;;;;;;;;;;0;837;;;;;;;;;;;;;;;;;;;;;;;;;;;;;;;;;;;;;;;;;;;;;;;;;;;
id-10;fam_0;;;;;;;48;517;;;;;;;;;;;;;2004-09-08;;;;;;;;;;;;;;785;;;;;;;;;;;;;;;;;;;;;;;;;;;;;;197;METER;;;;;;;;;;;;2011-01-04;1988-03-24;1985-12-13;"Non molestiae nisi qui.";;740;attr_opt_attr_562;;;;;;;;;;;;;;;;;;;;;;;;;;;;;;;;;;;;;;;;;;;;
id-11;fam_31;;;;;;;;;;;;;;;;;;;;;;;;;;;;;;;247;METER;;;;;;;;;;;;;;;;;;;;;;;;;0;1990-01-11;1980-03-02;;;;;;;;;;;;;;;;;;;;;2006-04-18;;;;;;742;162;253;METER;138;222;attr_opt_attr_498;;;;;;;;;;;;;;;;;;;;;;;;;;;;;;;;;;;;
id-12;fam_22;;;;;1;;;;;;;;;;;;;;;260;;;;;;;;;;;;;145;828;;;;;;;;;;;;;;;;;;;;;;;;;;;;;209;786;;;;;;;;;;;;0;;;;;;;;attr_opt_attr_563;;;;;;;;;"Voluptatem est veniam et et consequatur blanditiis.";797;;;;;;;;;;;;;;;;;;;;;;;;;;;;;;;;;;
id-13;fam_3;;;"Illo voluptas minus omnis dolorem fugit eligendi laudantium quidem.";;;;;;;;;attr_opt_attr_644;;;;;;;;;;;;;;;;;185;;;;315;100;;;;;;;;;;;;;;;;;;;;;;;;;;;;;;;;;;;;;;;;;;;345;;;;;;;;;;;;;;;;;;28;METER;attr_opt_attr_215;attr_opt_attr_598;attr_opt_attr_596;;;;;;;;;;;;;;;;;;;;;;;;;;;;;
id-14;fam_44;;;;attr_opt_attr_64;;;;;;;;;;;;1;"Nulla est non voluptatem autem assumenda laborum.";;;;;;;;;;;;;;;;;;;;;;;;;;;;;;;;;;;;;;;;;;;;;;;;;;;;;;;;;;;;;;;;;;;;;;;;;;;;;;;;;;;826;1;0;0;attr_opt_attr_152;319;112;300;56;;;;;;;;;;;;;;;;;;;;
id-15;fam_29;;;;;;;;;;;;;;;;;;;;76;;;;;;;;;;;;;;;;;;;;;;;;;;;;;;;;;;;;;1;;;;;;;;;;;;;;;;;;;;;1987-11-11;1974-09-12;;;;;;;;;;;;;;;;;;;;;;;;;;;;953;69;1988-03-25;;;;;;;;;;;;;;;;;;;
id-16;fam_29;;;;;;;;;;;;;;;;;;;;;;;;;;;;;;;;;;;;;;;;;;;;;;;;;;;;;;;;;;;;;;;;;971;METER;;;;;;;;2008-01-02;;;;;;;;;;;;;;;;;;;;;;;;;;;;1;1;;;;664;414;;;;0;0;370;METER;;;;;;;;;;;;;
id-17;fam_31;;;"Ut est velit mollitia qui quas.";;;;;;;;;;;;;;;;;332;;;;;;;;;;"Porro iusto hic amet dolorem odit iste.";;;;;;;;;;attr_opt_attr_348;;;;;;;;;;;;;;;;;;;;;;;;;;;;;;;;;;1979-11-14;;;;;;2009-10-14;;;;;;;;;;;;attr_opt_attr_498;;;;;;;;;;;;;;;;;;;;;;;;;;;;;;;;;;;;
id-18;fam_9;;;;;;;;;;;;;;;;;;;;;2003-07-09;;;;;"Dignissimos eaque ipsa blanditiis et ea aut et voluptas.";;;;;;;;;;;;;;;;;;;;;;;;attr_opt_attr_630;;;;;;;;;;;;;624;792;;;;;;;;;;;"Sed corrupti ea tenetur rerum ducimus id.";;;;;;;;;;;;;;;634;613;;;;;;;attr_opt_attr_597;attr_opt_attr_592;;;;;;;;;;;;;;;;;;;;;;;;;;;;;
id-19;fam_48;;;;;;;;;;;;;;;;;;;;;;;;;;;;;;"Sequi dolorum assumenda saepe laudantium consequatur et.";;;;;;;;;;;;;2010-04-27;;1987-02-26;;;;;;;;;;;;;;;;;;;;;;;;;attr_opt_attr_520;;;;;;;;;;;;;;;;;;245;METER;;;;;;;;;;;;;;;;;;;;;;;;;;;"Sunt optio voluptate deserunt alias ad iste eum.";;;;;;;;;;;;
id-20;fam_41;;;;attr_opt_attr_69;;;;;;;;;;;0;;;;;185;;;;;;;;;;;;;;;;;;;;;;;;;;;;;;;;;;;;;;;;;;;;;701;METER;;;;;;;;;;;;;;;"Impedit sint non excepturi ab ipsum exercitationem.";;;;;;;;;;;;;520;358;METER;attr_opt_attr_214;;;;;;;;;;;;;;;;;;;;;;;;;;;;;;;
id-21;fam_32;;;"Voluptas consequatur voluptatem ut vel aut ipsa mollitia.";;;;;;;;;attr_opt_attr_641;;;1;;;;;;;;;;;;;;;;;;;;;;;attr_opt_attr_06;attr_opt_attr_03;;;;1980-11-23;;;;;;93;;;;;;;;;;;;;;;;;;1992-12-09;;;;;;;;;;;;;;;;;;;;;;;;;;;;;;;;;420;;;;;293;691;;;;;;;;;;;;1;;;;;;;;;;
id-22;fam_26;;;"Sunt necessitatibus ipsa architecto et occaecati vel.";;;;;;;;;;;;;;;;;730;;;;;;;;;;;;;;;924;;;;;;;;;;;;"Unde quis est culpa laboriosam tempore sed neque.";;;;;;;;;;1;;;;;;;;;;;;;;;;;;;;;;;;;;;;;193;251;;;;;;;;;;;;;;;;;;;;348;719;1997-07-27;;;;;;;;;0;;;;;;;;;;
id-23;fam_1;;;"Reiciendis assumenda cumque ipsum delectus ut nihil vitae.";;;;;;;;;;;;;;;"Ut dolor sunt enim dicta.";"Eligendi molestiae sequi vel rem.";;;;;;;;;;;;;;392;537;;;;;;;;;;;;;;"Soluta dignissimos sit ea ab aliquid optio.";;;;;;;;;;;;;;;;;;;;2003-09-14;;;;;;;;;;;;;;;;;;;;;;;;;"Et dolorem amet eos officiis rem.";;;;;attr_opt_attr_598;attr_opt_attr_590;;;;;;;;;;;;;;;;;;;;;;;;;;;;;
id-24;fam_13;;;;;;;;;;;;attr_opt_attr_649;;;;;"Distinctio rerum sapiente corrupti doloremque.";;;;;;;;;;;;517;;;;;;;;;;;;attr_opt_attr_251;;;;;;;;;;;;;;;;;;;;;"Modi sapiente iste maxime qui sed itaque.";;;;;;;;;;;;;;;;1986-10-23;1980-05-20;;;;;;;;;;;;;;;;;;attr_opt_attr_219;;;;;1;0;;;;;;;;;;;;;;;;555;METER;232;;;;;;;
id-25;fam_5;;;"Praesentium doloremque non magni quo rerum.";;0;;;;;;;;;;0;;;;;;;;;;;"Architecto temporibus accusamus a laudantium est adipisci earum.";;;;"Velit dignissimos sint rerum qui.";;;;;;;;;;;attr_opt_attr_259;;;;;;"Distinctio magnam eius alias possimus.";;;;;;;;;;;;;;;;20;49;;;;;;;;;;;;;;1986-01-24;1981-07-27;;;;;;;;;;;;;;;;;;;;;;;;;;;;;;;;;;;;;;;;;;;;;;;;;
id-26;fam_47;;;;;;;995;394;;;;;;;;;;;;;1992-01-17;;;;;;;;;;;;;;;;;;;;;;;;;;;;;attr_opt_attr_632;;;;;;;;;;;;;;;;;1993-09-13;;;;;;;;;1;;;;;;;;;;;;;;;;;;;;;;;;44;;;;;;;;;;;;;;;;;;;;;;;;;;;;
id-27;fam_3;;;;;;;;;;;;;;;1;;;;;283;;;;;;;;;32;;;;;;;;;;;;;attr_opt_attr_964;;;;;;;;;511;660;;;;;;;;;;;;;;;;;;;;;;;;;971;;;;;;;;;;;;;;;attr_opt_attr_498;;;752;METER;;attr_opt_attr_590;attr_opt_attr_591;;;;;;;;;;;;;;;;;;;;;;;;;;;;;
id-28;fam_42;;;;;;;;;;;;;;;;0;;;;;;;;;;;;;;;;;;;;;;;;;;;;;;1;;"Tempore est beatae hic voluptate et veniam.";;;;;;;;;;2015-09-18;2005-06-27;;;;;;;;;;;attr_opt_attr_524;;;;;;;;;;;"Rerum et mollitia fugit molestias dolorum et.";;;;;;;;;;;;;;;;;;;241;;;;;;;;;;;;;;;;;;;;;;"Eveniet impedit ipsa nobis culpa.";;;;;;
id-29;fam_23;;;"Voluptates consequatur et earum ducimus placeat.";;;;;;;;;;;;;;;;;;;;;;;;;;;;;;;;;;;;;attr_opt_attr_345;;;;;;;;;;;;;;;449;335;;;;;;"Quod quae inventore dolorum ut.";;;;;;;;attr_opt_attr_528;;;;1990-03-08;"Possimus eveniet molestiae soluta aut dolores.";;827;;;;;;;;;;;;;;;;;740;;;;;;;;;;;;;;;;;;;;;;;;;;;;;;;;;;
id-30;fam_13;;;;;;;316;643;;;;;;;;;;;;;;;;;;;;;156;"Voluptatem doloribus voluptate ipsa voluptatem omnis dicta.";;;;;;;;;;;;;;;;;;;;;;;;;;;;;;;;;;;;;;;;;;;;2000-05-06;;;525;;;;;;;;;;;;;;;;;;;;;;;;;;;;;;;;;;;;;;;;;;;;950;;"Et maiores facere incidunt occaecati ut.";;;;;
id-31;fam_3;;;;;;;;;;;;;;;;;;;;376;;;"In reprehenderit et ex delectus commodi quam.";;;;;;;;;;;;;;;;;;;;;;;;"Sed voluptates excepturi vel a et reiciendis iste.";;;;;;;;;;1;;;;;;;;;;;;;;;attr_opt_attr_234;;;;;526;;;;;;;;;;;;;;;;;;;;;;;;;;;;;;;;;;;;;;;;;;;;;;;;;;;
id-32;fam_39;;;"Ipsam quae dolores numquam expedita.";;;;925;412;;;;;;0;0;;;;;;;;;;;;;;;;665;METER;;;;;;;;;;;;;;;;"Quidem ipsam quae voluptates est consequatur pariatur.";;;;;;;;;;;;;;;;;;;;;;;;;;;;;;;;;;;;;;;;704;METER;880;845;;;;;;;;;;;;;;;;;;;;;0;1;;;;;;321;METER;;;;;;;;
id-33;fam_1;;;;;;;;;;;;;;;;;;;;;1980-09-27;;;;;;;;849;;527;METER;620;433;;;;;;;;;;;;;;;;;596;330;;;;;;;;;;;;;;;;;;attr_opt_attr_523;;attr_opt_attr_234;;;;;;;;;;;;;;;;;;;;attr_opt_attr_494;;;;;attr_opt_attr_215;attr_opt_attr_599;attr_opt_attr_592;;;;;;;;;;;;;;;;;;;;;;;;;;;;;
id-34;fam_39;;;"Quisquam ut voluptatem dolore voluptates quasi nisi accusamus aut.";;;;;;;;;;;;;;"Qui libero neque dolorem in modi voluptatem assumenda ullam.";;;551;;;;;;;;;;;622;METER;;;558;;;;;;;;;;;;;;117;;;;;;;;;;;;;;;;;;;;;;;;;2005-02-27;;;852;;;;;;;;;;;;;;;;;;;;;;;;;;;;;;;;;;;1;0;;;;;;;;;;;;;;;
id-35;fam_9;;;"Amet ut quia accusantium.";;;;;;;;;;;;;;;;;;;;;;;;;;;;;;;;;;;;;;;;;;;;;;;;;;;;;;;;;;;;101;874;;;;;;;;;;;"Non asperiores unde eos voluptatibus dignissimos et velit.";;;;;;;;;;;;;;;;;;;;210;METER;;;;;;;;;;;;;;;;;;;;;;;;;;;;attr_opt_attr_912;;;;
id-36;fam_12;;;;;;;;;;;;;;;;;;;;;;;;;;;;;;"Odio aliquam tempora ut.";;;;;656;;;;;;;;;;;;;;;;;;;;;;;;;;;;;;;;2013-08-27;;;;;;;;;;27;;;;;;;;;781;77;;;;;;;;;;;;;;;;;;;;975;826;;;;;;;;;;1;;;;;"Recusandae soluta officia molestiae adipisci incidunt officiis.";;;;;
id-37;fam_25;;;;;;;759;850;;;;;;;;;"Dolores dolor a est et quo minima aut.";;;;;;;;;;;;;;;;;;;;;attr_opt_attr_09;attr_opt_attr_07;attr_opt_attr_347;attr_opt_attr_258;;;;;;;"Veritatis consectetur minus fugit itaque quas.";;;402;438;;;;;;;;;;;;;;;;;;;;;;;;;;;;;;;;;;;;;;;;;;338;;;;;;;;;;attr_opt_attr_152;;;;;;;;;;;;;;;;;;;;;;;;
id-38;fam_25;;;;;;;107;79;307;METER;;;;;;1;;;;;;;;;;;;;;;;;;;;;;;;;;;;;;;;;;;564;857;;;;;1;;;;;;;;;;2000-01-20;;;;;;;;;;;1989-05-23;1970-12-14;;;;;;;342;914;;;;;;;;;;;;;;;;;;;;;;;;;;;;;;;;864;METER;;;;;;;;
id-39;fam_12;;;"Voluptas labore sed laboriosam et.";;;;;;;;;;;;;;;;;;;;;;;;;;;"Quo nulla occaecati sit et quam placeat dolorem.";;;;;;;;;;;;;;;;;;;;;;;;;804;336;;;;;;;;;;;2016-06-15;;;;;;;;;;;;;;;;;;;78;396;;;;;attr_opt_attr_494;"Ut nam fugit dolore minus commodi velit.";137;;;;;;;0;;;attr_opt_attr_152;;;;;;;;;;;;;;;;;;;;;;;;
id-40;fam_23;;;"Quam inventore laboriosam illo autem facilis sapiente.";;;;;;590;METER;;;;;;;;;;;;;;;;;;;;"Aut animi quia harum ullam perferendis sed nobis.";;;;;;;;;;;;attr_opt_attr_964;;;;;;;;;;;;;;;1;;;;;;;;;;;;;attr_opt_attr_527;;;;;;;;;;;;;;;;;;302;METER;;;;;;;;;attr_opt_attr_591;attr_opt_attr_591;;;;;;;;;;;;;;;;;;;;;;;;"Ratione voluptatem dolorem corrupti velit reiciendis blanditiis.";;0;;;
id-41;fam_3;;;;;;;;;;;;;;0;;;;;;;;;;;;;;;;"Necessitatibus non velit commodi quia rerum voluptatem harum labore.";;;;;;;;;;;;;;;;;"Soluta ut voluptatum sint quo.";;;;;;;;;;;;;;;;;;793;METER;;;;;;;;;;;;;;;;;;;;;;169;METER;797;290;;;;;;;;;;;;;;;;;;;;;;;;;;;;;;;;;;;852;METER;
id-42;fam_41;;;;;;;;;;;;;;;0;;;;;;;;;;;;;;;;;;;;;;;;;attr_opt_attr_344;attr_opt_attr_257;;;;;;;;;;;;;;;;;;;;;;;;;;;;;;;;;;;;;;;;"Tenetur atque rem id fuga eaque soluta unde enim.";;;;;;;;;;;;;;;;attr_opt_attr_219;;;137;;;;;;;;;;;;;;;;;;;;;;;;;;309;METER;166
id-43;fam_3;;;"Quidem vero sit ipsum quasi cupiditate.";;;;;;;;;;;;;;;"Accusantium nisi et sapiente corrupti.";"Eum laboriosam et minus quod voluptas.";;;;;;;;;;;;;;;;;;;;;;;attr_opt_attr_966;;;;;;;;;;;;;;;1;;;;;;226;62;;;;;;;;;;;;;;1983-11-21;1999-02-14;;;;;;;;;;;770;550;attr_opt_attr_493;;476;;;attr_opt_attr_217;;;;;;;;;;;;;;;;;;;;;;;;;"Nam voluptates aut alias sit vitae.";;;;;;
id-44;fam_32;;;;;;;;;;;;;;1;;;;"Numquam aliquam amet ipsa et nihil.";"Quia unde deserunt in tempora delectus et.";;;;;;;;;;;;;;;;;;;;;;;;;;;;;;;;;;;;;;;;;;;;;;;;;;;;;;;;"Est provident ipsum voluptatibus corporis sequi provident.";;;;;;;;;;;;;247;METER;690;61;;;;;;;;;;;1;0;;;;228;511;;;;;;;;;;;;;;;;;;476;METER;
id-45;fam_39;;;"Et voluptas officiis qui laboriosam.";attr_opt_attr_67;;;;;337;METER;;;;;;;;;;;;;;;;;;;;;;;;;;;;;;;;;;;;;;;198;attr_opt_attr_636;618;813;;;;;;;;;;;;;;;;;;attr_opt_attr_526;;;;;;;;;;;;;;;;;;;;;;;;;;;;attr_opt_attr_595;attr_opt_attr_590;;;;;;;;;;;;;;;;;;;;;;;;;;;;;
id-46;fam_42;;;;;;;;;;;;;;;;;;;;;;;;;;;;;;;;;;;;;;;;;;;;;;1;;"Laborum et distinctio id laboriosam deserunt.";;;;;;;;;;;;;;;;;793;METER;2000-11-07;;;;;;;;;;;;;;;;;;;;;544;METER;;;;;;648;METER;;;;;0;;;;;;;;;;;1;0;357;METER;;;;323;METER;;;;;1;;;
id-47;fam_20;;;;;;;;;;;;;;;;;;;;;;;;;;;;;;;675;METER;;;;;;;;;;;;;;;;;;;;;;;;;;;;;;;;;;;;;;;;;;;;;;;;;;;;attr_opt_attr_563;;;;;;;;;;;;;;;;576;;1;1;attr_opt_attr_157;;;;;1990-07-11;;;;;;;;;;;;;;;;;;;
id-48;fam_2;;;;;;;354;584;362;METER;;;;0;;;;;;;;;;;;;;;;;;;;;;;;;;;;;;;;;;;;;;;;;;;;;;348;METER;;;;;;;;;;;attr_opt_attr_230;;;;;;;;2011-02-28;;;;;;;;;;;;;;;;;;;;;;;;;815;834;;;1978-04-28;;;;;;;;;0;;;;;;;;167;METER;
id-49;fam_13;;;"Et omnis corrupti deserunt ratione illum aspernatur.";;;;;;;;;;;;;;;;;;;;;;;;;;;"Aut maxime ea voluptas nulla ad similique ut mollitia.";;;208;248;;;;;;;;;1974-12-23;;;;;;;;;;;;;;;;;;;;;;;;;;;;;attr_opt_attr_238;;;;;551;;;1983-01-04;;;;;;;;;;;;;;;114;METER;;;;;;;;;;;;;1992-10-16;;;;;;;;;;;;;;"Ut quaerat qui et rerum quos.";;;;;
id-50;fam_10;;;;attr_opt_attr_68;;;;;;;;;;;;;;;;;;;;;;;;;;;;;243;490;;;;;;;;attr_opt_attr_961;2008-11-26;;1980-07-21;;;;;;;;;;;;;;;;;;867;598;;;;;;;;;;;;;;;;;;;713;;;;;;;;;;;68;;;;;;;;;;;;;120;97;;;;;;;;;;;403;METER;;;;;;;;
id-51;fam_10;;;;;;;;;;;;;;;0;;;"Et sequi quia eaque cupiditate ducimus perspiciatis maxime.";"Eos consequuntur atque quaerat necessitatibus fugit neque et nemo.";;;;;;;;;;;"Saepe officiis molestiae voluptas est esse aut eum.";;;;;;;;;;;;;1973-06-18;;;;;;;;;;;;;;;;;;;;;;;;;;;;;;;;;;;1984-05-26;2003-11-02;;;;;;;;;;;;;;;;;;;;;;;;;;;;;;1979-07-25;;;1;1;;;;;;;;;;;;;44;METER;820
id-52;fam_7;;;"Quia maiores velit at officia exercitationem.";;;;;;;;;attr_opt_attr_648;;;0;;;;;;;;;;;;;;;;807;METER;;;;;;;;;;;;;;;;;;;;;;;;;;;;;;;79;938;;;;;;;;;;;;;;1998-02-12;1979-01-05;;;;21;;;;;;;;;;;;774;METER;;;;;;;;;;;;;;;;;;;;;;;;;;;;;0;;;
id-53;fam_20;;;;;;;;;550;METER;;;;;;;;;;;;;;;;;;;;;;;;;475;;;;;;;;;;;;"Occaecati voluptates modi quas ut voluptate.";;;;;;;;;;;;;;;;;;;;;;;attr_opt_attr_522;;;;;;;;;;;"Animi et at delectus qui odit eum omnis.";;;;;;;;;;;;;959;;;;;;;;;;;;;;;;;;;;;;;;;;;;;"Sint et magni ullam voluptatem velit nisi tenetur.";;;;;
id-54;fam_38;;;;attr_opt_attr_64;;;;;;;;;;;;;;;;;;;;;;;;;;;;;462;546;;;;attr_opt_attr_02;attr_opt_attr_07;;;;;;2010-07-24;;;"Rerum laudantium repellat debitis ex.";;;;;;;;;;;;;;;;;223;METER;;;;;;;;;;1;;;;;;;;;;;;822;METER;;;;;;;;;;;;;;;;;;;;;;;;;;;;;;;;;;;attr_opt_attr_912;0;;;
id-55;fam_40;;;;;;;;;;;;attr_opt_attr_649;;;;;;;;287;;;;;;;;;;;;;;;;;;;;;;attr_opt_attr_962;1979-09-05;;;;;;;;956;33;;;;;;;;;;;;;;;1976-03-12;;;;;;;;;;;;;;;;;attr_opt_attr_561;;;;;;;;;;;;;;;;;;;;;;;;;;;;;;;;;;;;;;;;;;;;
id-56;fam_0;;;;;;;;;;;;;;;;;;;;;;;;;;;;;;;983;METER;;;;;;;;;;;;;2003-05-10;;;;;;;;;;;;;;;;;;;;;;;1973-10-16;;;;;;2007-11-13;;;;2003-04-22;1990-04-25;;"Voluptatem nesciunt suscipit deserunt dolores non.";;;;;;;;;;;;;;;;;;;;;;;;;;;;;;;1;0;;;;;0;;;;;;;;;;
id-57;fam_8;;;;attr_opt_attr_68;0;;;;734;METER;;;;;;;"Pariatur nobis ullam quis veritatis repellendus repudiandae mollitia repudiandae.";;;;;;;;;;;;;;;;;;;;;;;;attr_opt_attr_259;;1990-09-04;;;;;;;;;;;;;;;;;;;;;;;;;;;;;;;;;;;2013-11-06;1987-04-28;;;;115;;;;;;;;;;;;;;;;;;;;;attr_opt_attr_152;;;;;;;;;;;;;;;;;;;;;;;;
id-58;fam_45;;;"Enim rerum iure dolores ut sapiente et.";attr_opt_attr_60;;;;;;;;;;;;0;;;;;;;"Qui minus voluptates et quae voluptatem consequatur.";;;;;;;"Quisquam aperiam nisi pariatur est.";;;;;;;;;;;;;;;;1;;;;;;;;;;;;;;;;;;;;;;;;;;;;;;;;;;;;;;;;582;586;;;;;;;;;;;;;;;;;;;;;;;;;;;;;;;0;;;;;;;;;;
id-59;fam_6;;;"Impedit est accusantium iusto accusamus magnam possimus consequatur.";;;;;;;;;attr_opt_attr_643;;;;;"Omnis a inventore nostrum consequatur.";;;;;;;;;;;;974;;;;;;;;;;;;;;;;2000-07-31;;;;818;;;;;;;;;;;;;;;;;;;;;;;;;;;;;2012-05-02;2004-02-20;;;;;;;;;;;280;603;;;;;;attr_opt_attr_217;;;;1;;;;925;635;;;;;;;;;;;;;;;;;;;;;;
id-60;fam_34;;;;;1;;;;780;METER;;;;;0;;;;;354;;;;;;;;;;;;;;;;;;;;;;;;;;;;;;;;;;;;;;;;868;METER;;;;;;;;;;;;;;;;;1988-12-19;1999-03-19;;"Sit eum enim quaerat enim nesciunt voluptatem.";;;;;;;300;METER;;;;;;;;;;;;;;;;;;;;;;;;;725;METER;;;;;;583;;;;;;;
id-61;fam_35;;;;;;;;;;;;;;;1;;;;;;;;;;;;;;;"Officiis officiis tenetur nulla aut dicta.";;;;;;;;;;;attr_opt_attr_250;attr_opt_attr_965;;;;;;;;;;;;;;;;;;;;;;;613;METER;;;;;;;;;;0;;;;;;;;;;;;;;;;;;;;;;;;;;;;;;;;;;;;;;;;;;0;561;METER;;;;;;;;362
id-62;fam_13;;;;;;;;;;;;;;;;;;;;;;;;;;;;;;"Inventore est non non aut dolorum sint eum.";;;;;;;;;;;attr_opt_attr_251;;;;;;;;;;;;;;;;;;;;;"Maxime fugit et provident fugit optio id.";;;;;;;;;;;;;"Quis vitae pariatur sit et error non odit aut.";;;;;;;;;;;;;;;;;;;;;;attr_opt_attr_219;;;;;;;;;;;;;;;0;0;;;;;;768;METER;;;"Maiores quo voluptatem incidunt similique facere.";;;;;88
id-63;fam_29;;;"Omnis blanditiis commodi dolore voluptate placeat expedita.";;;;;;;;;;;;;1;;;;;;;;;;;;;;;;;;;;;;;;;;;;;;;;"Deleniti qui at officia sed harum voluptatem praesentium.";;;;;;;;;;;;595;METER;;;;196;METER;;;;;;;;;;;;;;;;;;;;;;;;;;;;;;;;;;;;;;;;;;;;;;;;971;METER;;;;;;;;;;;;;
id-64;fam_44;;;;;;;;;;;;;;0;;;;;;;;;;;;;;;;;;;;;143;;;;;;attr_opt_attr_258;;;;;;;;;;;;;;482;34;;1972-12-16;1977-11-29;;;;;;;;;;;;;;;;;;;1979-10-24;1990-08-31;;;;;;;;;;;;;;"Molestiae laborum impedit repellat dolore rerum.";;;;;;;;;;;;;;;;;;;;;;;;;;;;;;;;;;;
id-65;fam_19;;;;;;;;;;;;attr_opt_attr_642;;;;0;;"Unde nemo maxime est similique.";"Sit rem dolorem iure tempore a autem.";;;;;;;;;;258;;980;METER;;;;;;;;;;attr_opt_attr_962;;;;;;;;;;;;;;;;;;;;;;;;;;;;;;;;;;;977;;;;;;;;;;;;;;;;;;;;;;;;;;;;;;777;131;;;;;;;;;;;;;834;;;;;;;
id-66;fam_30;;;;;;;;;;;;;;1;;;;;;;;;;;;;;;;;;;;;;;;;;;;attr_opt_attr_969;;;1996-03-13;;"Natus sed dolores veniam et illo aut.";"Reprehenderit ullam aut alias in ipsam.";;;;;;;;;;;;;;;;;;;;;;;;;;;;;;;;;;;;;;;;;;;;;;;;;;;;;;;;;355;99;;;;;;;;;;;;;;;;;;;;;;
id-67;fam_24;;;"Aut repudiandae ea ut reiciendis aut.";;;;;;;;;;;;;;;;;;;;;;;"Unde consequatur occaecati est sequi illum.";;;;;;;;;;;;;;attr_opt_attr_342;;;;;;;;;;;;;;;;;;;;;;;;;;;;;;;;;;;"Officia et nulla natus exercitationem rem voluptatem et.";;;;;;;;;;;;;29;METER;;;;;;;;;;;687;;;;;;;;;;;;;;;;;;;;;;;;;;;;383
id-68;fam_15;;;;attr_opt_attr_60;;;19;269;;;;;;;;;;;;;;;;;;;;;;;614;METER;;;;;;;;;;;;;;;;;;;;;;;;;;;;21;METER;;;;;;;;;;;;;;;;;;;;;;;;;;;;;;;;"Aliquid qui perferendis et ea magni facilis.";;;;attr_opt_attr_212;;;;;;;;;;;;;;;;;;;;;;;;;"Quisquam enim consequatur ut rerum nobis porro aut.";;;;;;
id-69;fam_42;;;"Aut velit et harum sequi ut.";;;;;;;;;;;;;;;;;142;2003-09-17;;;;;;;;;"Velit dolorem distinctio illum ut quasi ab.";;;;;;;;;;;;;;;;;;;;;;;;;;;;2002-03-24;1992-06-04;;;;;;;;;;;attr_opt_attr_521;;;;;;;;;;;;;;;;;;;;;;;;854;;;;;;493;;;;;;;;;;;;;;;;;;;;;;;;;;455;METER;
id-70;fam_33;;;"Saepe fugiat qui voluptatem quia voluptates.";;;;;;;;;;;1;;;;;;;;;;;;;;;;;;;;;;;;;;;;;2013-08-03;;1982-03-18;;;;;;;;;;;;;;;636;METER;;;;;;1989-09-25;;;;;;;;;;;;;;;;;;;;;;;;;;;;;;;;;;;;;;;;;;;;;;;;;;;;;;991;;;;;;;
id-71;fam_12;;;;;;;;;;;;attr_opt_attr_640;;;0;;;;;;;;;;;;;;;;;;;;;;;;;;;;;;;;;"Atque quasi sed cum ut fugit.";;;;;;;;;;1997-12-20;1990-08-01;;;;;;166;METER;;;;;;;;;;1;392;;;;;;;;;;;;;35;291;;;;;;;;;;;0;1;;;;;;;;;;;;;;;;;;;;;attr_opt_attr_912;;;;
id-72;fam_18;;;"Rerum temporibus aut quod officiis autem ea aut.";;;;;;;;;;;;;;;;;;;;;;;;;;;"Earum dolor laboriosam ipsa.";;;964;511;;;;;;;;;;;;;;;;;;;;;;;;1998-01-17;2013-09-06;;;;;;;;;;;;;;;;;;;;;;;;;attr_opt_attr_565;;;;;;;;;;;;;attr_opt_attr_216;attr_opt_attr_591;attr_opt_attr_598;;;0;0;;;;;;;;;;;;;;;;;;;;;;;;;
id-73;fam_32;;;"Tempora ut hic deleniti voluptates porro.";;;;;;;;;;;;0;;;;;;;;;;;;;;;;;;;;;;;attr_opt_attr_04;attr_opt_attr_07;attr_opt_attr_346;;;;;;;;;;;;;;;240;616;;;;;;;;;;;;;;;;;;;;;;;;;;;;;;;;;;;;;;;;;;;;;;;;;;;;;;;;;;;;;;;;;;;;;;;;
id-74;fam_25;;;"Optio placeat natus unde debitis velit.";;;;;;;;;;;;;;;;;;;;;;;;;;;;;;;;;;;attr_opt_attr_00;attr_opt_attr_08;;;;1998-12-06;;;;;"Non et qui aut ipsa quia quidem.";;;;;;;;;1;;;;;;;;;;2005-08-26;;;;;;;;;;;;;;;;;;;;;;;;;;;208;;;attr_opt_attr_216;;;;;;;;;;;;;;;;;;;;;;;;;;;;;;;
id-75;fam_17;;;;attr_opt_attr_69;;;;;;;;;;;;1;;;;;;;;;;;;;;;;;;;;;;;;;;attr_opt_attr_967;;;;;;;;;;;;;478;496;;;;;;;;;;;;;;;;attr_opt_attr_233;;;"Ea praesentium quisquam at optio aut.";;;;;;;;;attr_opt_attr_564;;;;;;;;;;;;;;attr_opt_attr_594;attr_opt_attr_591;;;;;;;;;;;;;;;;;;;;;;;;;;;;;
id-76;fam_17;;;"Soluta officia illum voluptates et dolorum.";;;;;;;;;attr_opt_attr_644;;;;;;;;;;;;;;;;;;;;;;;;;;;;attr_opt_attr_340;;;;;;;"Eius autem maxime est qui enim aut alias.";;;;;;;;;;1;;;;;"Est earum doloremque et nostrum velit qui id.";;;;;;;;;;;;2007-07-13;;;;;;;;;;;;;;;;;;;"Et deserunt cumque vel ut facere est.";25;;;;;;;;;;;;;;;;;;;;;;;;;;;;;;;;;;
id-77;fam_15;;;"Aut sed fugit illo.";;;;;;;;;;;;;;;;;;;;;;;;;;;;;;;;;;;;;;;;;;1980-09-29;;;;;;79;682;;;862;575;;;;576;METER;;;;113;METER;;;"Ipsum voluptatibus nihil dolores omnis.";attr_opt_attr_527;;;;;;;;;;;;;;;;;;462;METER;;;;"Nihil accusantium quis eos et in delectus.";538;125;METER;;;;;;;;;;;;;;;;;;;;;;;;;;;;;;;;
id-78;fam_2;;;;;;;;;;;;;;;;;;"Eius iste ut quo ipsa iste ut et.";"A quod nihil expedita nobis nihil est nihil.";;;;;;;;;;;;;;;;;;;;;;;;;;;;;;;;;;;;;;;;;;;;;;;;;2001-08-05;"Voluptates dolorem nihil natus aspernatur maxime pariatur.";;;;;;;;;;;;;;;;;533;831;;;;;;"Ut est occaecati quos est.";;;;;;;;1;;;;;;;;;;;1;0;;;;;1;;;;;;attr_opt_attr_915;;;;
id-79;fam_43;;;"Eius libero qui beatae voluptatem.";;;;;;;;;;;;;;;;;;;;;;;;;;;;328;METER;;;;;;;;;;attr_opt_attr_962;1986-10-13;;;;;;336;;;;;;;;;;;;;;;;;;;;"Ut consectetur enim consequatur possimus tempora nihil.";;;;;;;;;;;;;;;;;;;;;;;;;;;;;;;;;;;;;;;;;;;;;;;;;0;;;;;"Autem necessitatibus tenetur facere sed occaecati odio est.";attr_opt_attr_918;;;;
id-80;fam_1;;;;;;;133;127;;;;;;;;;;;;;;;;;;"Est eum reiciendis maiores voluptas.";;;44;;327;METER;;;;;;;;;;;2007-04-28;;;;;;;;;;;;;;;;;;;;;;;;;1997-01-28;;;;;;;;;;;;;;;;;;;;;;;;;;;;;;attr_opt_attr_599;attr_opt_attr_594;;;;;;;;;;;;;;;;;;;;317;METER;;;;;;;;
id-81;fam_30;;;;;;;;;;;;;;;;;;;;;1987-04-13;;;;;;;;;"Iure eum dolorum quas aliquid quo quae.";;;;;;;;attr_opt_attr_01;attr_opt_attr_06;;;;;;;;;"Et rerum nihil excepturi cum omnis facere eum.";;;;;;;;;;;;479;METER;;;;;;;1980-11-27;;;;;;;"Optio quia rem quisquam.";;;;;;"Est veniam esse tenetur sed ex.";;533;;;;;;;;;;;;;;attr_opt_attr_212;;;;;;;attr_opt_attr_155;;;;;;;;;;;;;;;;;;;;;;;;
id-82;fam_23;;;"Minus ipsum fugiat libero consequatur impedit et quia.";;;;;;;;;;;;;;;;;718;;;;;;;;;;;;;;;;;;;;attr_opt_attr_348;;;1973-08-26;;1980-06-25;;;;449;;;;;;;;;;;;;;;;;;;;;;;;;;;;;;;;;;;;;;;;;;;;;32;;;;;;;;;;;;;;;;;;;;;;;;;;;;;"Consequuntur tenetur non voluptatem autem fugiat facilis et et.";;;;;
id-83;fam_43;;;;;;;;;426;METER;;;;;;;;;;;;;;;;;;;;;;;;;;;;attr_opt_attr_09;attr_opt_attr_07;;;attr_opt_attr_964;;;2009-03-22;;;;685;;;;;;;;;;;;;;;;;;;;;;;attr_opt_attr_237;;1986-11-15;;;;;;;;;;;;;;;;;;;"Impedit rerum numquam et itaque.";;;;;;;279;;;;;;;;;;;;;;;;;;;;;;;"Deserunt vel et blanditiis earum neque.";attr_opt_attr_910;;;;
id-84;fam_30;;;"Dolores voluptas natus eos ea assumenda culpa nostrum neque.";;;;;;;;;;;;;;;;;;2011-12-29;;;;;;;;;"Debitis sed velit aut nulla delectus et.";;;;;;;;;;;;attr_opt_attr_961;;;;;;;;attr_opt_attr_631;;;;;;;;;;;;"Adipisci sequi id et facere.";;;;;;;;;;;;;;;;;;;;;;;;;;;;365;461;;;;;;attr_opt_attr_212;;;;;;;;;;;;;;;;;;;;;;;;;;;;;;;
id-85;fam_19;;;;;;;;;;;;;;;;;;;;63;;;;;;;;;;"Officiis illum neque rerum numquam ducimus soluta ex fugiat.";;;;;;;;;;;;;;;;;;;;;;;;;;;;;;;;;324;94;;;;;;;;;;;;0;;;;;"Dolorem eius ut nemo ratione dolores magnam.";;;;;;;;;;;;;;;;;;;;;;;;;;;;;;;;;;;;;;;;423;;;;;;;
id-86;fam_5;;;"Neque quo expedita natus iste ipsum reiciendis deleniti.";;;;2;443;;;;;;1;;0;;;;;;;;;;"Consectetur et et dicta nihil quo consequatur.";;;;;;;;;;;;attr_opt_attr_02;attr_opt_attr_08;;;;;;;;"Possimus iste ab ea laborum.";;;;;;;;;;;;;;;;770;959;;;;1973-04-04;;;;;;;;;;1997-04-12;1987-04-18;;;;;;;;;;;;;attr_opt_attr_499;;;;;;;;;1;;;;;;;;;;;;;;;;;;;;;;;;;;;
id-87;fam_35;;;;;;;;;;;;;;;1;;;;;;;;;;;"Sit qui tempora sapiente a libero quia.";;;859;;;;;;;;;;;attr_opt_attr_340;;;;;;0;;;;;;;;;;;0;;;948;METER;;;;;;1984-03-11;;;;;;;;;;724;;;;;;;;;;;;;;;;;;;;;;;;;;;;;;;;;;;;;;;;;1;;;;;;;;165;METER;
id-88;fam_3;;;;;1;;;;;;;;;;;;;;;;;;;;;;;;402;;;;818;109;;;;;;;;;;;;;;;;;;;;;;;;;;;;;578;288;;;;;;;;;;;;;;;;;"Voluptatem qui consequuntur voluptatem ut consequatur non.";;;;;;;;;;;;;;;;;;;;;;;;;;99;440;;;;;;;;;;;;;;"Aut dolorum et non asperiores voluptas.";;;;;;
id-89;fam_20;;;;;;;;;;;;;;;;;;;;;1971-02-10;;;;;;;;;;561;METER;;;336;;;;;;;;;;;;;;;;;;;;;;;;;805;METER;;;;;;;;;;;attr_opt_attr_239;;;"Laborum et molestias aliquam aut nesciunt et corporis.";;;;;1983-06-29;;;;;;;;;;;;;;;;;;;;;;;;;;;;;;;;;;;;;;;;;;;;;;;;
id-90;fam_20;;;;;1;;;;;;;;;;;;;;;;;;;;;;;;;;418;METER;;;;;;;;;;;;;1971-01-19;;;;;;;;;;;;;;;;;"Occaecati laborum laudantium qui esse ut asperiores.";;;;;;;;attr_opt_attr_520;;attr_opt_attr_234;;;;;;;;;;;685;attr_opt_attr_567;;;;;;;;;;;;;;;;;;;;;;;;;;;;;;;;;;;174;METER;;;;;0;;;
id-91;fam_12;;;;;;;;;;;;attr_opt_attr_644;;;;;;;;;;;;;;;;;;"Consequatur non dolorem nostrum nobis.";;;;;;;;;;;;;;;;;;"Quis quibusdam quia quas impedit non fugiat.";;;;;;;;;;;;;;;;;242;METER;;1996-03-27;;attr_opt_attr_521;;;;;;;;;;;;;;;;;;;;823;617;;;;;;;;;;;;;;;;;;1992-07-02;;;;;;;;;;;;;;;;;;;
id-92;fam_15;;;;;;;;;;;;;;;;;;;;;;;;;;;;;;"Consectetur sed et asperiores alias.";510;METER;;;;;;;;;;;;;;;"Veritatis illo ipsam adipisci laboriosam culpa dolor.";;;;969;698;;;;;;;;;;;;;825;METER;;;;;;;;;;1;;;;;;;;;;;;;;;;;"Iste suscipit quibusdam voluptatem rem.";;;;;;;;;;;;;;;;;;;;;;;;;;;;;;;;;;;
id-93;fam_31;;;;;;;;;;;;;;;;;"Sit molestias iusto et sed voluptatibus sint explicabo.";;;;;;;;;;;;;"Voluptatum a autem voluptates aut.";;;;;;;;attr_opt_attr_07;attr_opt_attr_03;;;;;;;;"Architecto earum adipisci aperiam numquam voluptate minima eligendi.";;;;;;;;;;;;;;;;;;;;;;"Nostrum explicabo sed nostrum cumque aut excepturi suscipit.";;;;;1994-05-12;;;;2001-01-30;1983-05-07;;;;;;;;;;;;;;;;;;;attr_opt_attr_591;attr_opt_attr_594;;;;;;;;;;;;;;;;;;;0;;;;;;;;;;
id-94;fam_26;;;;;;;;;215;METER;;;;;;0;;;;;;;;;;;;;744;;;;;;147;;;;;;;;;;;;;;;;;;;;;;;;;;;;;;;;;;;;;;;;;1;;;;;;;;;;;;1000;METER;;;attr_opt_attr_496;;109;;;;;;;;;;;;;;;2004-12-11;;;;;;;;;;;;;;;;;;;
id-95;fam_36;;;;;;;134;777;;;;;;;;;;;;;1976-08-08;;;;;;;;;;;;;;;;;;;;;;;;;;;;;;;;;;152;821;;1984-12-17;1997-01-24;;;;824;112;79;METER;;;;;;;;;;;;;;;;;;;;;;;;;;;;370;;;;attr_opt_attr_592;attr_opt_attr_590;;;;;;;;;;;;;;;;;"Porro porro quo nostrum aliquam itaque.";;;;;;;"Similique ducimus odio sit rerum doloribus dolores perferendis voluptas.";attr_opt_attr_911;;;;
id-96;fam_31;;;;;;;;;721;METER;;;;;;0;"Quia ipsam et quasi et.";;;;;;;;;;;;;;;;;;79;;;attr_opt_attr_09;attr_opt_attr_06;;;;;;;;;;;;;;;;890;373;;;;;;;;;;;;;;;;;;;;;;;;;;;;;;;;;;;;;;;;;;;;;1;;;;;;;;;;;;;;;;;;;;;;;;;;;
id-97;fam_41;;;;;;;;;;;;;;;;;;;;;2006-02-02;;;;;;;;;"Quia accusantium et beatae fugit consequuntur facere laudantium ratione.";;;;;;;;;;;;attr_opt_attr_964;2003-05-30;;;0;;;;;;;;;;;1;;;;;;;;;;;;;;;;;;;;;;;;;;;;;;;;;;;;;546;;;;;;;;;;;;;;;;;;;;;;;;;;;;;;;;145;METER;691
id-98;fam_40;;;;;;;;;;;;;;;;;;;;660;;;;;;;;;;;;;;;;;;;;;;;;;;;;"Fugit beatae voluptatem enim.";;;976;415;;;512;909;;;;169;METER;;;;176;METER;;;;attr_opt_attr_528;;;;;;1;953;;;1983-01-20;;;;attr_opt_attr_567;;461;851;;;;;;"Autem nulla amet dolores voluptates.";;;;;;;;;;;;;;;;;;;;;;;;;;;;;;;;;;;
id-99;fam_27;;;;;;;;;;;;;;;;;;;;;;;;;;;;;;;;;;;;;;;;attr_opt_attr_341;attr_opt_attr_251;;;;;;"Assumenda eos culpa quibusdam sit alias eius neque velit.";"Veniam id in dolor veniam quos at.";;;;;;;238;891;1;;;;;;;;;;;;;;;;;;;;;1992-11-22;1984-11-21;;;;;;;;;;;;;;"Aliquam ea dolorem explicabo alias eum odio.";;;;;;;;;;;;;;;;;;;;;;;;;;;;;;;;;884;METER;104
id-100;fam_29;;;;attr_opt_attr_65;;;;;;;;;;;;0;;;;;;;;;;;;;;;960;METER;;;;;;;;;;;;;;;;;;;;;;;;;0;;;;;;;;;;;;;;;attr_opt_attr_230;;;;;;;;;;;;;;;;;;;;;;;;;;attr_opt_attr_595;attr_opt_attr_591;;;;;;;;230;517;2008-12-16;;;;;;;;;;;;;;"Incidunt maiores quasi eius velit esse reiciendis.";;;;;
id-101;fam_38;;;;;;;;;;;;;;;;;;;;;;;;;;;;;;;125;METER;;;;;;;;;;attr_opt_attr_968;1991-02-28;;;;;"Non porro neque perspiciatis corrupti.";;;;;;;;;;;;;;;;;324;METER;;;;;;;;;;0;;;;;"Porro sed nobis vel expedita et distinctio.";;;;;;;;;;;;;522;;;;;;;;;;;556;409;;;;;;;;;;;;;;;;;;;;;;
id-102;fam_13;;;;;;;;;;;;;;;;;;;;;;;;;;;;;;;;;;;;;;;;;;;;;;;;;;;;;;;;;;;;;;;;;;;;;"Est aut aut enim ratione voluptatem doloribus inventore.";;;attr_opt_attr_231;;;"Libero quo quasi repellendus quibusdam.";;;1970-03-16;1979-12-24;;;;;;;;;;;;;;"Maiores ducimus maxime dolores.";;972;METER;;;;;;;;;;;;;;;;;;;;"Nemo alias tenetur eveniet est voluptatibus et.";;;;;;;"Nihil itaque distinctio omnis et earum ut unde alias.";;;;;
id-103;fam_15;;;;;;;217;895;;;;;;;;;;;;;1973-11-19;;;;;;;;;;;;814;476;;;;;;;;;;;1984-07-01;;;;;;;;;;;;;;;;;;;;;;;;;;;;;;;;;;;;;;;;;;;695;METER;;;;;;;;attr_opt_attr_218;;;;;;;;;;;;;;;;;;;;;;;;934;;;;1;;;
id-104;fam_40;;;;;;;708;449;;;;attr_opt_attr_647;;;;;;;;;;;"Voluptas enim maiores sit in dolor officia deserunt.";;;;;;;;;;;;;;;;;;;;2007-05-27;;;;;;;;;;;;;;;;;;;;;;;;;;;attr_opt_attr_521;;;;;;;745;;;1985-09-01;;;;;;776;570;;;;;;;;;;;;;;;;;;;;;;;;;;;541;METER;;;0;;;;;;;;;;
id-105;fam_48;;;;;;;;;;;;;;;;;;;;;;;;;;;;;;;;;;;;;;;;;;;1984-06-25;;;;"Expedita ea ut aliquam esse.";;;;;;;;;;;;;;;;;;;;;;;;;;;;;0;;1978-01-29;1980-04-03;;;;;;;;;;;;;;;;573;METER;attr_opt_attr_216;;;;0;;;;;;;;;;;;;;;"Facilis id sed eum mollitia.";;;;;;;;;;;;
id-106;fam_29;;;;attr_opt_attr_62;;;;;;;;;;;;;;;;;;;;;;;;;;;;;;;;;;;;;;;;;;1;"Corporis sit enim dolorem qui qui doloremque quasi.";"Ut quaerat laborum vitae doloribus enim quasi recusandae velit.";;;;;;;;;;;;;;;;;51;METER;;;;;;;;;;;;;;;;;;;;;;;;;;;;;;;;attr_opt_attr_591;attr_opt_attr_592;;;;;attr_opt_attr_155;861;396;;;1987-03-30;;;;;;;;;;;;;;;;;;;
id-107;fam_15;;;;attr_opt_attr_64;;;;;;;;;;;;;"Voluptatum ut ducimus ut eligendi qui aut qui.";;;;;;;;;;;;404;;;;;;;;;;;;;;;;;;;;;;;;;;;;;;;;;"Libero sed et sit.";408;857;;;;;;attr_opt_attr_522;;;;;;;;;;;;;;;;;;;;;;;"Earum possimus quod ex repellat.";1;;;;;;;;;;;;;;;;;;;;;;;;;;;;;;;1;254;METER;
id-108;fam_38;;;;attr_opt_attr_66;;;;;;;;attr_opt_attr_645;;;;;;;;;;;;;;;;;;;;;;;;;;;;;;;;;;;"Quos nulla perspiciatis autem consequatur.";;;;;;;;;;;;;;;;;;;;;;"Fugit ut voluptas animi labore odio culpa.";;;;;;;;;;;;"Quae praesentium minus doloremque alias error delectus ut.";;;;;;;2;METER;;;;"Nobis aliquid aut perferendis voluptatem.";;;;;;;;0;;;attr_opt_attr_156;;;;;;;;;;;;;;;;;;;;attr_opt_attr_915;;;;
id-109;fam_12;;;;;;;;;;;;attr_opt_attr_645;;;;;"Vel voluptas accusamus ea recusandae.";;;726;;;;;;;;;;;;;;;;;;;;;;;1999-07-05;;;;;;702;;;;;;;;;;;;;;;;;;1982-07-12;1977-07-29;;;;;;;;;;;;;;;;;;;;;;961;912;;;74;;;;;;;;;;;;;;;;;;;;;;;;;;;;;"Consequatur asperiores vel pariatur laboriosam autem suscipit.";;;;;
id-110;fam_44;;;;;;;;;;;;;;0;;;;;;;;;"Quasi sequi autem labore totam.";;;;;;;;;;;;791;;;;;attr_opt_attr_341;;;;;;;;;;;;;;;369;825;;;;574;METER;;;;346;METER;;;;;;;;;;;;;;;;;;attr_opt_attr_563;;;;;;;;attr_opt_attr_498;;;;;;;;;;;;;;;390;730;;;;;;;;"Qui dolores rem ipsam quia.";;;;;;;;attr_opt_attr_919;;;;
id-111;fam_35;;;"Autem ut sint at repellat.";;;;;;300;METER;;;;;0;;;;;656;;;;;;;;;;;;;;;468;;;;;;;;;;;;;;;;;;;;;;;;;;;;;;158;METER;1977-03-05;;;;;;;;;1;;;;1988-12-27;;;;attr_opt_attr_562;;;;;;;;;;;;;;;;;;;;;;;;;;;;;;;;;;;;;;;;;;604;METER;
id-112;fam_33;;;"Officiis autem dolores exercitationem soluta.";;;;;;;;;attr_opt_attr_642;;;;;;;;;;;;;;;;;;"Sit itaque iusto accusamus blanditiis praesentium autem excepturi numquam.";;;;;;;;;;;;;;;;;;;;;;;;;;;;;;;;;;;;;;;;;;;;;;;;1992-10-24;1987-12-11;;"Deserunt laborum quibusdam adipisci in ad.";;;;;;;;;;;attr_opt_attr_497;;;279;METER;;attr_opt_attr_595;attr_opt_attr_599;;;;;;;;196;496;;;;;;;;;;;;;58;;;;;;;
id-113;fam_46;;;;;;;;;;;;;;;;;"Qui laborum non voluptatibus dolores autem.";;;;;;;;;;;;;"Ipsa dicta iusto vero ducimus.";;;;;;;;;;;;;;;;0;;;;;851;675;;;;;;;;;;;;;;;1987-03-04;;;attr_opt_attr_523;;;;1989-01-08;;1;;;;;;;;;;;;;;;;;;;;;attr_opt_attr_214;;;;;;;attr_opt_attr_155;;;;;;;;;;;;;;;;;;;;;;;;
id-114;fam_7;;;;;;;;;;;;;;;;;;;;;;;;;;;;;;;;;;;;;;;;;;;;;;;;;;;;;;;60;373;;;;;;;;;838;METER;;;"Deserunt consequuntur qui facere cupiditate molestias iste et.";;;;;;;;;1980-01-10;1983-04-05;;;;;;;;;;;;;;;;;;;;;;;;;attr_opt_attr_154;;;;;;;;;;;;;;1;;;;;;;;;;
id-115;fam_17;;;;;;;;;;;;;;;;;;;;;;;;;;;;;;;;;;;;;;;;;attr_opt_attr_252;;1983-09-11;;;;;;;;;;;;;;;;;;;;;;;;;;;;;;;1984-04-13;;;682;;;;;;161;;;;;;;;;;;;;;;;;765;;;;;;;;;;;;;;;;"Quae iure amet eos et assumenda doloremque nemo officia.";;;;;217;;;;;;;
id-116;fam_27;;;;;;;;;;;;attr_opt_attr_648;;;;;"Quod quis magnam aut animi.";;;;;;"Assumenda repudiandae occaecati commodi impedit.";;;;;;;;773;METER;;;;;;;;;;;;;;;;"Fugit ducimus voluptatem voluptas.";782;;;;;;;;;2000-09-22;1984-06-05;;;;;;;;;;;;;;;;;;;;;;;;;attr_opt_attr_566;;;;;;;;;;;;;;;;;0;;;;;;575;389;;;;;;;;"Autem dolores quisquam reiciendis qui sed earum.";;;;;;;;;;;;
id-117;fam_40;;;;;1;;;;;;;;;;;;;;;508;;;;;;;;;324;;;;;;;;;;;;;attr_opt_attr_968;;;;;;;;;;;;;;;1;;;;;;;;416;METER;;;;;;;;;;;;;;;;;;;;;;733;METER;;;;;;;;;;;;;;;;;;;;;;;;;;;;;;;;;"Voluptates consequatur laudantium et et.";;;;;;122
id-118;fam_33;;;;;;;;;;;;;;;;;;;;;;;;;;;;;;;;;14;375;;;;;;;;;;;;1;;;;;;;;;;;;;;;;;;;;;;;;;;;;;;0;;;;;;;388;;;;;;;;;attr_opt_attr_492;;590;;;;;;;;;;;;;;;;;;;;237;METER;"Aut aut accusantium et et officia expedita sunt.";;;;;;;;;;;;
id-119;fam_13;;;;;;;;;;;;;;;;;"Quas ut a quos molestiae sit consequuntur incidunt molestiae.";;;;;;;;;;;;919;;;;250;187;;;;;;;;;;;;;;;;;;;;;;;;;;;;;849;741;;;;1979-11-22;;;;;;;;;28;;;;;;;;;;;;;;;;;509;;;;;;;;;;;;;;;;;;;;;;;;;;;;;;;;;;
id-120;fam_26;;;"Totam magnam earum aut quia aliquid veritatis quam.";;;;;;;;;;;;;;;;;156;;;;;;;;;;;;;;;;;;;;;;attr_opt_attr_963;;;;;;;;;;;;;;;;;;;;;;;;;;;"Ut nobis consequatur qui.";;;;;;;;;1973-07-08;1996-10-21;;;;;;;396;280;;;;;attr_opt_attr_491;;299;;;;;;372;;;;;;;;;;;;;;;;;;;;;;;"Voluptas porro eaque qui quis sit ea.";;;;;
id-121;fam_27;;;;;;;;;;;;attr_opt_attr_642;;;;;;;;;;;"Aliquam optio et itaque nostrum.";;;;;;;;;;;;;;;;;;attr_opt_attr_255;;;;;;;"Quae at doloribus ullam numquam facilis saepe natus.";;;;;;;;;;;;;;;;;;;;;;;;;;;;;;;;;;;;;;;;;;;;;;;;;;;;;0;;;;;;739;899;;;;;;;;;;;;;876;;;;;;;806
id-122;fam_48;;;;;0;;;;;;;;;;;;;;;;;;;;;;;;852;;;;;;;;;;;;;;1974-01-22;;;;;"Qui et vel aperiam ea magnam nobis.";;;;;;;;;;;;;;;658;717;;;;;;;;attr_opt_attr_238;;;;;;2014-10-14;1977-03-04;1984-06-25;;;;attr_opt_attr_566;;901;901;;;;;;;;;;;;;;1;;;;;;;;;;;;;;;;;;;;;;;;;;;
id-123;fam_42;;;"Sint rem reiciendis qui placeat qui ullam.";;;;;;;;;;;;0;;;;;;;;;;;;;;;;;;;;;;;;;;;;;;;;;;;;;;;;;;;;;997;METER;;;;191;METER;;;;;;;;;;;;;;;;;;;;;;800;METER;;;;"Corrupti inventore qui excepturi consequatur aspernatur aut rem.";444;;;;;;;;;;;;;;;;;;;;;;;;1;;;;;;;1;;;
id-124;fam_19;;;;;;;;;;;;attr_opt_attr_649;;;;;;;;;;;;;;;;;;"Tempora libero temporibus fugit fugiat qui sapiente.";;;;;530;;;;;;;attr_opt_attr_966;;;;;"Sapiente dolore corporis adipisci et non doloremque.";"Accusantium dolorem quia voluptates iusto aut.";;attr_opt_attr_635;;;;;;;;;;;;;;;;;;;"Quis consequatur rerum sed voluptatem nostrum.";;;;;;;;;;;;;;;;;;;;;;;;;;;;;;;;;;;;;;806;434;;;;;;;;;;;;;;;;;;;;
id-125;fam_37;;;;;;;;;;;;;;;;;;;;561;;;;;;;;;;;;;;;;;;attr_opt_attr_07;attr_opt_attr_09;attr_opt_attr_347;;;;;;;;;;;;;;;;;;;;;;;;;;;;;"Et quasi laboriosam voluptates accusamus labore.";;;;;;;;;;;;;;;;;;;;;;;;;;134;METER;;;;515;;;;;;;;;;;;;;;;;;;;;;;;;;;;
id-126;fam_19;;;"Voluptatem expedita repudiandae hic reprehenderit.";;;;;;;;;;;;;;;;;;;;;;;;;;;;;;;;;;;;;;;;;;;1;;;;;;;;;;;;;;;;;;;;;;1977-06-07;;;;;;;;0;805;;;;;;810;;;;;;;;;;;;;;;;;;;;;;;;;;;;;;;;;;;;;;;;;attr_opt_attr_917;;;;
id-127;fam_6;;;;;;;;;;;;attr_opt_attr_640;;1;;;;;;;;;;;;;;;;;;;;;;;;;;;;;;;;1;;;;;;;;;;;1;;;;;;;;;;;;;;;;;;;;;;;;;;;;;;;;;;;;;;;;;;;;;;;;22;83;;;;;;;;940;METER;;;1;;;;;;;;;;78
id-128;fam_34;;;"In commodi voluptate excepturi et magnam rerum qui.";;1;;;;;;;;;;;;;;;;1970-01-17;;;;;;;;;;;;;;;;;;;attr_opt_attr_348;;;;;;;;;;;;;;;;;;;;;;;;;253;METER;;;"Libero est modi illum fuga autem.";attr_opt_attr_521;;;;;"Consectetur quos dolores deleniti deleniti nihil autem quia.";;;;;;;;;;;;;955;METER;;;;;;;;;;;;;;;;;;;;;;;;;235;METER;;;;;;;;;;;;;
id-129;fam_32;;;"Voluptatem minima expedita ea voluptatem nisi iure non autem.";;;;626;836;;;;;;0;;1;;;;;;;;;;;;;;;;;;;;;;;;attr_opt_attr_346;;;;;;;;;;;;;;;;;;;;;;;;;;;2000-02-24;;;;;;;;"Rerum hic esse fuga tempora architecto voluptate at.";1;;;;;;;;attr_opt_attr_561;;;;;;;;;;;;;;;;;;;;;;;176;890;;;;;;;;;;;;;;;;;;;;
id-130;fam_20;;;;;;;;;;;;;;;;;;;;;;;;;;;;;;;;;;;305;;;;;;;;;;;;;;;;;;;;;;;;;758;METER;;;;;;;;;;;;;;;1;;;;;"Autem cum quia sunt ratione sit.";;;;;;;;;;;;;;;;;;;;;0;1;attr_opt_attr_155;;;713;800;1995-06-16;;;;;;;;;;85;METER;;"Ratione magnam quo repellat.";;;1;;;
id-131;fam_37;;;;;;;261;184;;;;;;;;;;;;;;;;;;;;;;;;;923;936;;;;;;attr_opt_attr_344;;;;;;0;;;;;;;;;;;;;;;;;;;;;;;;;;attr_opt_attr_236;;;;;;;;;;;;;;;;173;METER;;;;;;8;METER;;;;;;;;;;;;;;;;;;;;;;;;;;;;;;;;
id-132;fam_21;;;"Illo iure vel recusandae consequatur et.";;;;;;;;;;;1;;;;;;214;;;;;;;;;;;;;;;;;;;;;;;;;;;;;;;;;;;;;;;;;;"Veritatis facilis debitis et.";;;;;;;;;;;;;;;;;;;;;;;;669;241;;;;;;;;;;;;;;;;;;;;;;2008-10-09;;;;;;;;;0;;;;;;;;;;130
id-133;fam_2;;;;;;;;;793;METER;;;;;;;;"Perferendis et aut cum.";"Soluta nobis exercitationem provident necessitatibus fuga numquam quos ipsa.";;;;;;;"Consequuntur voluptatum et vel ut architecto saepe sed.";;;;;;;;;;;;;;;;;;;;;;;;;;;;;;;;;;;;;;;;;;1995-09-03;;;;;;;;;;;;;;;;;;;;;;;;;"Delectus asperiores molestiae quidem perspiciatis laudantium ut.";;;;;attr_opt_attr_595;attr_opt_attr_592;;1;;;;;;;;;;;;;321;METER;;;;;;329;;;;;;;
id-134;fam_22;;;"Illum aut ipsa quia cum officia.";;;;;;;;;;;;;;;;;954;;;;;;;;;;"Nihil ut numquam sit.";;;;;;;;;;;;;;;;;;"Dolorem hic deleniti et blanditiis.";;;;;;;;;;;;;;;845;693;998;METER;;;"Nemo nihil aut quia odit et nihil quod quo.";;;;;;;1;;;;;;;;;;;;;;;;;;;;;;;;;;;;;;;;;;;;1;0;;;;;;;;;;"Eos perferendis sed deleniti et et nulla.";;;;;
id-135;fam_38;;;;;;;;;;;;attr_opt_attr_644;;;;;;;;;;;;;;;;;;;110;METER;;;;;;;;;;attr_opt_attr_968;;;;;;;244;;;;;;;;;;;;;;;;;;;;;attr_opt_attr_529;;;;;;0;;;;;;;;;;;;;;;;;;320;;;;;;660;;;;;;;748;170;;;;;;;;;;;;;;;;;;;;
id-136;fam_1;;;;;;;;;;;;;;;;;;;;;;;;;;"Culpa quas cum velit.";;;876;;;;;;;;;;;;;;;;;;;;;;;;;;;;;;;231;METER;;;;;;;1977-09-19;;;;attr_opt_attr_233;;;;;;;;;;;;;;937;474;;;;;;;;;;;;;;;;;;271;773;;;;;;;;;;;;;;;;;;;;;;
id-137;fam_29;;;;;;;;;;;;;;0;;;;;;;;;;;;;;;;;;;;;;;;;;;;;;;;;;;;attr_opt_attr_636;;;;;;;1;;;614;METER;;;;;;;;;;;;;1986-10-04;;;;;;;;;997;;;;;;;;;;;;;;;;;;1;;;attr_opt_attr_155;;;;;;;;;;;;;;;;;;;;;;;;
id-138;fam_29;;;"Qui qui eaque architecto dolorem facere tempore.";;;;;;666;METER;;;;;;0;;;;127;;;;;;;;;;;;;;;;;;;;;;;;;;;;;;;335;706;;;;;;;;474;METER;;;;;;;;;;;;;2012-12-24;;;;;;;"Facere animi officiis doloremque odit.";;;;;;;;;;;;;;;;;;;;;;;;823;806;875;283;;;;;;;;;;;;;;;;;;;;
id-139;fam_23;;;"Delectus velit beatae odit non non aut consequatur.";;;;;;;;;;;;;;;;;;;;;;;;;;;;;;;;;;;;;;;;;;;0;;;;;;;;;;;;;;;;;;;;;;;"Ut corrupti aut neque.";;;;;2013-04-14;;1;;;;2007-01-18;;;;;;;;;;;;;;965;;;;attr_opt_attr_599;attr_opt_attr_598;;;1;1;;;;;;;;;;;;;;;;;;;;;;;557;METER;
id-140;fam_43;;;;;;;;;;;;;;;;;"Tenetur esse et magni saepe laborum.";;;;;;;;;;;;;;734;METER;;;;;;;;;;;;;;;;;721;;;;;;;;1;;;;;;;;;;;;"Blanditiis eligendi odit nisi eligendi illum sed.";;;;;;;;400;;;;;;;attr_opt_attr_569;;;;;;;;;;;;;;;;;;;;;;;;;;;;;;;;;;;;;;;;;;644;METER;
id-141;fam_22;;;"Laudantium rem omnis nobis maxime.";;0;;;;;;;attr_opt_attr_649;;;;;;;;;;;;;;;;;;;;;;;;;;;;;;;;;;1;;;;;;;;;;;;;;;;;356;226;;;;2005-11-06;"Debitis doloribus esse sequi architecto at.";;;;;;;;;;;;;;;;;;;501;METER;;;;;;;;;;;;;;;;;;;;;;;;;;;;;;;;;;;;;;;
id-142;fam_23;;;;;;;;;;;;;;;;;;;;;;;"Eum dolorem error nihil eaque.";;;;;;;;;;;;;;;;;;;;;;;;;;;;;;;;;;;;;;;;;;;;;;;;;;;1979-12-26;"Hic nisi quidem expedita tempora est amet.";0;;;;;;;;;;;;;;;;;;;;;;attr_opt_attr_594;attr_opt_attr_599;;;;;;;;;;;;;;;;;;;;;;;;;;0;;;
id-143;fam_3;;;;;0;;;;;;;;;;0;;;;;680;;;;;;;;;;;;;857;78;;;;;;;;;;;;;;;;;303;52;;;366;203;;;;;;"Repellat voluptas non ipsam.";810;784;;;;;;;;;;;;;;;;;"Veritatis in ducimus laudantium sed non et vitae.";;;;;455;599;;;;;;;;;;;;;;;;;;;;15;18;;;;;;;;;;;;;;"Ut et quae velit voluptatem sapiente ut.";;;;798;METER;
id-144;fam_7;;;;;;;;;;;;attr_opt_attr_641;;0;;;;;;;;;;;;;;;;;;;673;792;;;;;;;;;;;;;;;;;;;;;;;;;;;;;;;60;METER;;;"Magni architecto officiis nesciunt eveniet.";;;;;2013-10-22;;;;;;2003-07-24;;;;;;;;;;;;;;;;;;;;;;;;;;;;;;;;;;;;;;;;;;;;;1;;;
id-145;fam_28;;;;;;;;;;;;;;;;;;;;515;;;;;;;;;;;;;;;507;;;;;;;;;;;;;;;;;;;;;;;;;;;"Quae in asperiores ipsam veniam perspiciatis amet ipsa incidunt.";;;;;;;;;;;;;;;;;;;;;;;;339;995;;;;;;;209;;;attr_opt_attr_217;;;;0;;;;;;;;1970-07-23;;;;;;;;;;;;;;;;;;;
id-146;fam_17;;;;;;;;;;;;attr_opt_attr_641;;;;0;;;;;;;;;;;;;;;;;303;410;;;;;;;;;;;;;;;570;;;;;;;;;;;393;METER;;;;;;;;;;;;;;;1;;;;;"Vel omnis commodi sint est ullam dignissimos totam qui.";;;;;;;;;;;;;;;;;;;;;1;1;;;;;;;;;;;284;METER;;;0;;;;;;;;;;
id-147;fam_4;;;;;;;;;;;;;;;;;;"Error quia aut cum autem.";"Error natus iure sed corrupti eaque itaque nostrum.";;;;;;;;;;;;;;;;;;;;;;;;;;;0;;;;attr_opt_attr_632;;;;;;;;;;;;;;;827;METER;;;;;;;;;"Quis minima voluptatibus veniam dignissimos commodi nam.";;;;;;;;;;;;;;;;;;;;;;;;;;;;;;;;;;2014-03-03;;;;;;;;;;;;;;;;;;;
id-148;fam_16;;;;;;;;;;;;;;;;;;;;;;;;;;;;;;;;;;;;;;;;;;;;;1989-03-30;;;;;;;;;;;;;;;;;;;;;;;;;;;attr_opt_attr_237;;;;;;;;1993-01-10;;;;;;;;;;;;;;;990;METER;;;;640;;;;;;;;;;;;;;;;;;;;;5;;;;;;;
id-149;fam_38;;;;;;;;;;;;;;;;;;;;;;;;;;;;;;;;;;;;;;;;;;;;;;;;;;;;;;;;;;;;;;;;;273;METER;;;;;;;;;;;;;;;;;;attr_opt_attr_569;;;;;;;;;;352;;;;;;343;;;;;;;;;;;;;;;;;;;;;898;;;;;;;
id-150;fam_38;;;"Atque dolores fuga unde ut aut molestiae.";;;;;;;;;;;;;;;;;75;;;;;;;;;;;;;;;;;;;;;;attr_opt_attr_964;;;;;;;;;;;;;;;;;;;;;;;;;;;;attr_opt_attr_523;;;;;;;;;;;;;;;;;;;;;;;;;;;;attr_opt_attr_598;attr_opt_attr_599;;;;;;;;;;;;;;;290;METER;;;;;;;;;attr_opt_attr_916;1;;;
id-151;fam_46;;;"Dolor corrupti impedit similique.";;;;;;;;;;;;;;;;;;;;;;;"Aut veniam dicta facere illum.";;;;;;;;;;;;;;;;;1996-06-07;;;;;;476;;;;;;;;;;;;;;;;;;2010-11-29;;;attr_opt_attr_525;;;;;;0;;1988-09-01;1970-06-15;;;;;;;;;;;;;;;;;;;;;;;;;;;;;;;;;;;;;;;;;;;;;;;;;
id-152;fam_10;;;;;;;;;1;METER;;;;;;;;;;;;;;;;;;;;;;;463;520;;;;;;;;attr_opt_attr_963;;;;;;;;;;;;;;;;;;;;;;;;;;2010-12-30;;;;;;;;;;;;;;;;;;;;;;;;;;;294;METER;;;;;;;;;;;;;;;;;;;;;;;425;METER;;;"Illum suscipit veritatis ratione ut nisi commodi ducimus omnis.";;;;;
id-153;fam_14;;;;;;;;;;;;;;;;;;"Nulla consequatur doloremque sit vel.";"Delectus temporibus libero delectus minima dolores.";;;;;;;;;;;"Quos dolores numquam cum voluptatum voluptatibus veniam.";;;;;;;;;;;;attr_opt_attr_960;;;;;;"Voluptatem ipsam dolor vel.";;;;;;;167;784;;;;;;;;;;;;;;;;;;;;;;;;;;;;;;;;;;;;attr_opt_attr_494;"Assumenda neque numquam est non dolores.";;;;;;;;;0;0;;;;;;2013-08-11;;;;;;;;;;182;METER;;;;;;;;
id-154;fam_48;;;;;1;;;;;;;;;;;;;;;;;;;;;;;;;;;;;;538;;;;;;;;;;;;;;;;;;;;;;;;;;;;;;;;;;;;;attr_opt_attr_238;;;;0;;;;;;;;;;;;881;METER;;;;;;;;;;;;0;;;;;;;;;;;;;;;;;;;;;;;;;;;
id-155;fam_34;;;;;;;3;343;;;;;;;;0;;;;;;;;;;;;;;;;;;;;;;;;attr_opt_attr_349;;;;;;;;;;;;;;;;;;;;351;METER;;658;871;97;METER;;;;attr_opt_attr_526;;;;;;;;;;;;;;;;;;;;;;;"Nihil inventore quod rerum porro.";;;;;;;;;;;;;;;;;;;;;111;METER;;;;;;;;;;;;;
id-156;fam_20;;;"Consequuntur et facilis minus quae pariatur quia earum impedit.";;;;;;;;;;;;;;;;;;;;;;;;;;;;;;;;774;;;;;;;;;;;;"Perspiciatis sit id rerum.";;;;;;;;;;;;;;;;;;;;;;;;;;;1999-05-07;;;;;;;;;;;;;;;;;;;;;;;;;;;;1;0;;;;;;;;;;;;;;;;;;;;;;;;;
id-157;fam_36;;;;;;;;;;;;;;;;;;;;;;;;;;;;;;;;;;;;;;;;;attr_opt_attr_257;;;;;;;;;;;;;;;;1;;;;;;;;833;METER;;;;;;;;1987-11-11;;;844;;;;;;;;;;;;;;;attr_opt_attr_491;;;;;;;;;;;;;;;;;;;;;;;;;;;;;;;"Dolorem tempore sit et corrupti eos deleniti ut autem.";attr_opt_attr_919;;;;
id-158;fam_8;;;;;;;;;;;;attr_opt_attr_646;;;;1;;"Consectetur aut doloribus eaque ab facere.";"Laboriosam quod tenetur doloribus eos.";;;;;;;;;;;;;;;;;;;;;;attr_opt_attr_255;;;;;;;;;;;;;;;;;;;912;METER;;;;;;;;;;;;;;;;;;;2014-10-17;;;836;;;;;;;;;;;;;;;attr_opt_attr_595;attr_opt_attr_597;;;;;;;;;;;;;;;;;;;;;;;;;;;;;
id-159;fam_20;;;"Doloribus quia qui dolore nihil.";;;;;;;;;;;1;;;;;;;;;;;;;;;;;;;241;537;;;;;;;;;;;;;;"Id rerum ut similique itaque.";;;;;;;;;;;;905;METER;;;;;;;;;attr_opt_attr_528;;;;;;;;;;1972-07-02;;;;attr_opt_attr_561;;;;;;;;;;;;;;;;326;;;;;;;;;;;;;;;;;;;412;METER;;;;;;;;
id-160;fam_7;;;;;;;;;;;;;;;;;;;;;;;;;;;;;;;;;706;595;;;;;;;;;;;1992-06-13;;;"Et ullam incidunt quaerat ea.";;;;;;;;;;;;;;;;;;;2016-06-29;;"Iusto molestiae impedit dolore quas dolorem ut.";;;;;;;;;;;;;;222;;;;;;;124;897;;;;;;;;;;;;;;;;;;;;;;;;;;;;;;;;;;;;;
id-161;fam_1;;;;;0;;;;;;;;;;;;;;;;;;;;;"Voluptas facere totam vel voluptatibus voluptatem.";;;826;"Inventore occaecati iure qui facilis inventore ut.";674;METER;;;;;;;;;;;;;;;;;;;;;;;;;;;;;;;;;;;;;;attr_opt_attr_525;;;;;;0;;;;1998-02-17;;;;;;;;;;;;attr_opt_attr_499;;;;;attr_opt_attr_211;;;;;;;;;;;;;;;;;;;;;;;;;;;;;;;
id-162;fam_6;;;;;1;;;;;;;attr_opt_attr_643;;;0;;;"Ad hic inventore qui consequatur et animi voluptas.";"In consequatur omnis quia voluptatum doloribus voluptas.";;;;;;;"Pariatur quia sunt voluptas adipisci.";;;128;;;;;;;;;;;;;;;;;;;;;;;;;;;;1;;;;;;;;;;;;;;;;;;;;;;;2004-09-16;;;;;;;;;;;;;;;;;attr_opt_attr_218;;;;;;;;;;;;;;;;;;;;;;320;METER;;;;;;;;
id-163;fam_33;;;;;1;;;;;;;;;;1;;"Ut iusto sint distinctio aut ut blanditiis.";;;;;;;;;;;;;;;;;;;;;;;;;;;;1982-07-16;1;;;;;;;;;;;;;;;;;;;;;;;;;;;;;;;;;;1987-06-13;;;;;;;;948;METER;;;attr_opt_attr_496;;522;;;;attr_opt_attr_592;attr_opt_attr_592;;;;;;;;;;;;;;;;;"Est tempora atque vitae.";;;;;;;;;;;;
id-164;fam_40;;;;;;;;;;;;;;;;;;;;;1970-06-16;;"Tempora id ex et earum adipisci.";;;;;;;;;;;;;;;;;;;;;;;;;;;;183;582;;;;;1;;;277;METER;;;;;;1978-11-22;;;;;attr_opt_attr_232;;;;;;;;;;;;;;;;;;;;;;;;;;;;;;;;;247;48;;;;;;;;;;;;;;;;"Nihil et ipsam consequuntur officia reprehenderit ipsa dolor.";;;1;;;
id-165;fam_48;;;;;;;;;;;;;;;;;;"In iusto quia repellendus natus nostrum et.";"Ut neque non repellendus aliquam.";;;;;;;;;;;;;;;;545;;;;;;;;1991-11-13;;;0;;;;;;;;;;;;;;;;;736;763;;;;;;;;;;;;1;;;;;;;;;;743;954;;;;;;;;897;METER;attr_opt_attr_214;;;;;;;;;;;;;;;;;;;;;;;;;;;;;;;
id-166;fam_49;;;;;;;;;;;;attr_opt_attr_648;;;;;"Quia facere delectus aut commodi.";;;;;;;;;;;;;;;;;;;;;;;;;;1999-12-07;;;;;;44;;;;;;;;;;;;;;;;;;;;;;;;;1987-11-13;;;;;;;;;;;;;;;;;;;;;;;;;;886;;;;;947;907;;;;;;;;;;;;;;;;"Et aliquid pariatur laboriosam molestiae deleniti minus exercitationem sint.";"Consectetur eos accusamus aut sequi aut laudantium.";;;;;
id-167;fam_5;;;;;1;;453;991;;;;;;;;;;;;;1993-04-11;;;;;"Alias sed in architecto alias et at.";;;;;;;;;;;;;;;;;;;;;"Qui id deleniti eveniet qui odio non et.";;;;;;;;;;;;;;;;659;852;;;;;;;;;;;;;168;;;2002-07-22;;;;;;;;;;;;;;;;;;;;;1;;;;667;180;;;;;;;;;;;;;;;;;;;;;;
id-168;fam_47;;;;;;;;;;;;;;0;;;;;;;;;;;;;;;;;;;;;;;;;;;;;;;;;;;465;;;;;;;;;;;;;;;;;;;;;attr_opt_attr_527;;attr_opt_attr_231;;;;;;2001-09-25;1991-08-17;1976-04-16;;;;;;;;;;;;;;;966;METER;;;;;;;;;;;;;;;;;;;;;;;;;;;"Ipsum officiis amet vero.";;;;;
id-169;fam_37;;;;;;;;;;;;;;;;;;;;;;;;;;;;;;;;;;;;;;attr_opt_attr_03;attr_opt_attr_02;;;attr_opt_attr_967;;;1971-03-04;;"Molestias cum dolorem laudantium sunt molestiae nulla.";;;;;;;;;;;;;;;;;;;;;;;;;attr_opt_attr_239;;;;;;;;;;;;;;;;855;METER;;;attr_opt_attr_493;;;;;;;;;0;;;;;;;;;;;;;;;;;;;;;;;;;;;
id-170;fam_13;;;"Corrupti veritatis dignissimos fugit est veritatis aut.";;;;8;902;;;;;;;;;;;;;;;;;;;;;;;;;650;426;;;;;;;attr_opt_attr_255;;;;;;;;;;;;;;;;;;;;;"Quae et et vel.";;;;;;1970-06-17;;;;;;2005-06-29;;;;1994-09-14;1976-01-21;;;;;;;;;;;;;;;;;;;;;;;0;0;;;;;;;;;;;;;;;;;;;;"Temporibus explicabo hic ab aliquam voluptate aut.";;;;;262
id-171;fam_38;;;;attr_opt_attr_68;;;;;;;;;;;;;;;;;;;;;;;;;;;;;;;;;;;;;;;1983-04-20;;;;"Alias est culpa modi aspernatur.";;;;;;;;;;;;;;;;;;;;;;;;;;;;;;;;;;;;;;;;;;;;;;;519;;;;;;771;;;;;;;;;;;;;;702;METER;;;;;;;;;attr_opt_attr_914;;;;
id-172;fam_30;;;;;;;;;;;;attr_opt_attr_649;;1;;;;"Et et perferendis rem omnis quia asperiores aut.";"Laudantium veniam cumque enim est laboriosam aut.";;;;;;;;;;;"Optio qui illo occaecati laborum.";;;;;;;;;;;;attr_opt_attr_963;;;;;;;;;;;;;;;;;;;;"Possimus impedit hic perferendis.";;;;;;2013-05-21;;;;attr_opt_attr_238;;;;;;;;;;;;;;;;;;;;attr_opt_attr_495;;;;;;;;715;;;;;;;;;;;;;;;;;;;;;;;;;;;;
id-173;fam_15;;;"Voluptas dolorem et iusto sint eius optio nisi.";;;;;;;;;;;;;;;;;;1988-04-30;;;;;;;;243;;;;;;;;;;;;;;;;;;"Deleniti et sed quasi mollitia mollitia non doloribus.";;;;;;;;;;;;;;;;;;;;;1993-02-27;;;;;;;;;;;;;;;;;;;;748;METER;;;;;;;;;;;;;;;;;;;;;;;;;;;;;;;;;;;;;;;
id-174;fam_14;;;;;;;;;;;;;;;;;;;;;;;;;;;;;;;;;;;;;;;;attr_opt_attr_342;;;;;;;;;;;;;;;;;;;;344;METER;;;;;;;;;;;;;;;;;1986-10-19;1974-08-27;;;;296;;;;;;;;;;;;;;;;;;;;;;;;;;;;;;;623;METER;"Quaerat dolor ut laboriosam eum laudantium asperiores.";;;;;;;;;;;;
id-175;fam_24;;;;;;;;;;;;;;1;;;;;;;;;;;;"Nobis minima sequi provident ratione consequatur qui consequatur.";;;;;;;;;;;;;;;;;;;;;;"Doloremque omnis porro dolor nihil esse sequi hic natus.";;;184;72;;;;;;;;593;METER;;;;;;;;;;;;;1994-12-23;;;;;;;;;;;;;;;;540;663;;;;;;;;;895;;;;;;;;;;;;;;;;;;1;;;;;;;;;;
id-176;fam_43;;;;;;;;;;;;;;;;;;;;;;;;;;;;;;;;;;;;;;attr_opt_attr_02;attr_opt_attr_05;;attr_opt_attr_251;;;;;;;;;;938;754;;;;;;;;;;;;;;;;;;attr_opt_attr_529;;;;;;;;;;;;;;;;;;;;;;;"Modi deserunt qui id et ut.";;834;METER;;;;;;;;;;;;;;;;;;;;;;;;;;;;;;;;
id-177;fam_40;;;;;;;;;;;;;;;;;;;;;;;;;;;;;;;;;;;;;;;;;;;;;;;;;;;;;;;;;;;;;;;;;;;;;;;;;;;;;;;;;;;;;;411;872;257;METER;;;attr_opt_attr_499;;;;;;;;;0;;;;996;653;;;;;;;;;;;;;;;;;"Sunt iusto recusandae nesciunt tempora et voluptas tenetur molestias.";;;337;METER;81
id-178;fam_48;;;;;;;;;;;;;;;;;;;;;;;;;;;;;;;;;;;563;;;;;;;;2002-09-12;;;;"Facere suscipit facere et possimus quod.";;;;;;;;;;;;;;;"Amet rerum delectus veniam assumenda cupiditate est.";;;;;;;;;;;;;;;;;;;;;;;;409;238;;;;;;;;;;;;;;;;;;;;;;;;;;;;;"Quod nobis eum omnis.";;;389;METER;;;;;;;;
id-179;fam_9;;;;;;;;;;;;;;;;;;;;;;;;;;;;;;;;;;;;;;;;;;;;;;1;;;;;;;;;;;;;;;;;;;;;;;;;;attr_opt_attr_238;;1991-06-04;"Qui aut earum at consequatur eos.";;;;;;;;;;;;;839;METER;;;;"Provident beatae non nesciunt consequatur iure porro iure quas.";;;;attr_opt_attr_210;;;;0;;;;299;583;;;;;;;;;;;;;;;;;;;1;;;
id-180;fam_40;;;"Molestias qui fugiat repellat quo perferendis nisi.";;1;;;;;;;;;;;;;;;;;;;;;;;;;;;;;;;;;;;;;attr_opt_attr_967;;;;;;;;;;;;;;;;;;702;METER;;;;;;;;;attr_opt_attr_528;;;;;;1;521;;;;;;;;;;;461;METER;;;;;;;;;;;;0;;;;;;;;2012-12-16;;;;;;;;;;;;;;;;;905;METER;
id-181;fam_47;;;"Qui voluptatem minus explicabo dolor.";;;;;;;;;;;1;;;;;;;;;;;;;;;;;;;;;806;;;;;;;;;;2008-01-17;;;;;;;;;;;;;;;582;METER;"Odit provident eligendi ducimus tempore vel rerum.";;;;;;1993-12-01;;;;;;;;1;;1992-04-22;1999-02-09;;;;;;;;;;;;;;;;;;;;;;;;;;;;;;1993-05-24;;;;;;;;;;;;;;;;;;;
id-182;fam_15;;;;;;;;;;;;;;;;;;;;;;;;;;;;;;"Enim cumque eius ad tempora.";;;;;;;;;;;;;;;;;"Unde autem non iste et ullam quam iure.";;;;;;;;;;;;;;;;;;;;;2005-12-24;"Optio nobis qui quod.";;;;;;;;;;;;;;;;;;;;;;;;"Commodi modi inventore nam similique deserunt quam.";;;;;;;;;;;;;;;;;;;;;;;;;0;;;;;;;;302;METER;
id-183;fam_6;;;"Consequatur totam ut et quas.";;;;;;;;;attr_opt_attr_644;;;1;0;;;;;;;;;;;;;;;;;;;;;;;;;attr_opt_attr_258;;;;1973-12-10;;;;;;;;;;288;538;0;;;;;;;;952;METER;;;;;;;;;"Et et animi et odit nam id.";;;;;;;;;;;;;;;;;;;;;;;;;;;;;;;;;;;;;0;0;;;;;;110;METER;;;;;;;;
id-184;fam_37;;;;;;;;;;;;;;;;1;;;;;;;;;;;;;;;;;;;;;;;;;;;;;2014-04-27;;;;;attr_opt_attr_637;;;;;;;;;;;;;;;;;;2013-10-14;;;;attr_opt_attr_233;;;"Eaque at vero ut.";;730;;;;;;;;;;;;;;;;;;;;;;;;;0;1;;;;;;;;;;;;;;;;;;;;;attr_opt_attr_911;;;;
id-185;fam_49;;;;;1;;;;;;;;;;;;"Omnis deserunt quis aliquam voluptate quaerat et in.";;;;;;"Voluptas quo velit exercitationem aut exercitationem ad.";;;;;;;;492;METER;;;;;;;;;;;;;;;;;;;;;;;;;;;;25;METER;;;;;;1994-02-14;;;;;;;1981-05-08;;;;;;;"Culpa hic sit nam delectus similique.";;;;;;;;;;;;"Fugiat aut quia quis est qui ut.";;;;;;;;;;;attr_opt_attr_150;;;;;;;;;;;;;;;;;451;;;;;;;
id-186;fam_41;;;"Laborum et velit necessitatibus doloribus dolores et praesentium magni.";;;;;;;;;;;;;;;;;;;;;;;;;;;;;;;;;;;;;;;;;;;;;;;;;;;;;;;;;;;;;;;;;;;;;;;;"Ut vel aut quis commodi aut qui voluptates distinctio.";;;;;;;;;;;;;;;;;;;;;;attr_opt_attr_212;attr_opt_attr_599;attr_opt_attr_590;;;1;1;;;;;;;;;;;;;;;;;;;;;;;;;
id-187;fam_12;;;;;;;;;995;METER;;;;;0;;;;;;;;;;;;;;;"Autem dicta qui corporis.";;;;;;;;;;;;;;;;;;"Ipsum molestiae et reprehenderit voluptatem debitis quod.";;attr_opt_attr_635;;;;;;;;1972-12-31;1988-02-08;;;;;;;;;;;;;;;;;;;;;;;;;;;;;;;;;;;;;;;;;;1;;;;;;;;;;;;;;;;;;;;;;;;;;;
id-188;fam_44;;;;;;;;;;;;;;;;;;;;;;;"Sit expedita dicta nemo nam atque.";;;;;;;;;;;;946;;;;;;;;;;;;;;;;74;60;;;31;529;;;;315;METER;;;;;;1995-07-27;2016-04-15;;;;;;;;;;1993-01-10;1985-01-19;;"Architecto est modi minus dignissimos illum numquam perferendis.";;;;;;;;;;;;;;;;;;;;;;;attr_opt_attr_154;659;144;;;;;;;;;;;;;;;;;;;;;;
id-189;fam_37;;;;;;;967;96;;;;;;;;;;;;;;;"Esse sit ut error saepe labore optio vero cum.";;;;;;;;;;404;354;;;;;;;;;;;;;;"Omnis dolorem libero ab illum necessitatibus.";;;;;;;;;0;;;354;METER;;;;;;;;;;;attr_opt_attr_238;;2001-01-19;;;;;;;;;;;;;;;;;;;;;;;;;;;0;;;;;;;;;;;;;;;;;;;;;;;;;;;
id-190;fam_28;;;;;;;;;;;;;;;;0;;;;;;;;;;;;;64;;;;;;;;;;;;;;;;;;;;;;;;;;;;;;;;;;;;;;;;;;;;;;;;614;;;;;;;;;;;;;153;434;;;527;;;;attr_opt_attr_592;attr_opt_attr_593;;;;;;;;;;2004-08-14;;;;;;;;;;;;;"Sequi ab et error est molestias corporis voluptate.";;;;;;
id-191;fam_13;;;;;;;835;232;;;;attr_opt_attr_641;;;1;;;;;;;;;;;;;;;;;;;;;;;;;;;attr_opt_attr_967;;;;;;;;;;;;;;;;;;;;;;;;;;;;;;;;;;;;;;;;;;;;;;;;;;;;;;;;;;;;0;1;;;;;;;;;;;;;;;;;;22;;"Excepturi et et a rem corporis iusto.";;;;;
id-192;fam_11;;;"Consequatur quo necessitatibus voluptates incidunt minima nemo esse.";;;;;;964;METER;;;;;;;;;;359;;;;;;;;;744;;;;;;;;;;;;;attr_opt_attr_969;;;;;;;213;attr_opt_attr_639;;;;;;;;;;;;;;;;;;;;;;;;;;;;;;;;;;;;;;;;;;;;;;;;;;;;;;;205;515;;;;;;;;;;;;;365;METER;;;;;;;;173
id-193;fam_4;;;;;;;;;;;;;;;;;;;;;;;;;;;;;;;;;;;;;;;;;;;;;;;;;;attr_opt_attr_638;;;;;;;;;;;;;132;507;568;METER;;;;;;;;;;;;;;;;;;;;;;;;;;;"Facere animi ut doloribus earum.";662;;;;;;;;0;1;;;;190;164;;;;;;;;;;;;;926;;;;;;;
id-194;fam_42;;;;;;;;;;;;;;;;;;"Minima quo hic iusto quam odit esse eos.";"Atque eaque ut nihil neque ut quo animi.";;;;;;;;;;;;;;480;789;;;;;;;;;;;;;;;;;;;;;;;;;;;;;;;;;;;;;;;;;;;;;;;"Iure aspernatur eos possimus iusto cupiditate libero.";;;;;;;;;;;;"Ut veritatis et tempora ut amet nihil corporis.";442;;;;;;;;;;;;;;;;;;0;1;;;;;;;;;;;;;;;
id-195;fam_35;;;;;;;413;654;749;METER;;;;;;;;;;;;;;;;;;;;;294;METER;;;;;;;;;;attr_opt_attr_966;;;;;;;;;;;;;;;;;;;;;;;973;METER;2000-06-21;;;;;;;;;1;;;;;;;;;;;;;;;;attr_opt_attr_496;;;;;;;;;;;;;;;;;;;;;;;;;;;;;;;;;;;;
id-196;fam_7;;;;attr_opt_attr_62;;;;;;;;;;;;;;;;;;;;;;;;;;"In natus dolores fuga asperiores.";716;METER;;;;;;;;;;;1975-04-19;;;;;;;attr_opt_attr_639;;;;;301;395;;;;;;;;;238;METER;1980-04-07;;;;;;;;;;;;;1994-09-12;;;;attr_opt_attr_563;;;;;;;;;;;;;;;;;;;;;;;;;;;;;;;;"Consequuntur libero fugiat repellat ea.";;0;;;;;;;;;;
id-197;fam_6;;;;;;;;;;;;attr_opt_attr_649;;;0;;;;;;;;;;;;;;;;;;;;;;;;;;attr_opt_attr_256;;;;;;;;;;;;;;;;;;;;;;;;;;;;;;;;;;;;;1996-06-04;2007-10-20;;;;708;;;;;706;METER;;;;;;;;;;;;;;;attr_opt_attr_152;;;;;;;;0;0;;;;;;;;;"Consequatur doloremque eos sed nostrum esse laboriosam mollitia.";;;;;;
id-198;fam_32;;;;;;;;;;;;attr_opt_attr_646;;;0;;"Molestiae repudiandae esse delectus doloribus esse et.";;;;;;;;;;;;;;;;;;;;;;;;;;;;;;;;;;;;;;547;837;;;;;;;;;545;METER;;;;;;;;;;;;;;;;;;;;;;999;METER;;;;;;;;;;;;0;;;;;;609;419;;;;0;0;;;;;1;;;;;;;;;;
id-199;fam_47;;;;attr_opt_attr_68;;;;;;;;;;1;;;;;;;;;;;;;;;;;;;;;;;;;;;;;;;;0;;;;;;;;;;;;;;6;METER;;;;;;;;;;;attr_opt_attr_239;;;;;;1998-06-28;1993-01-23;;;;;;;;;;;;;;;;812;METER;;;;;;;;;;;;;1978-01-04;;;;;;;;;;;;;;;;;;;
id-200;fam_4;;;"Dolorem nihil neque natus et enim id unde.";;;;;;;;;;;0;;;;"Eos et optio esse quis.";"Error excepturi incidunt nobis quam.";;;;;;;;;;;;;;;;;;;;;;attr_opt_attr_250;;;;1978-08-02;1;;;;;;;;;;;;;;868;METER;;;;;;;1989-02-23;;;;;;;"Sunt at aut praesentium tenetur.";;;;;;;;;;;;;;;;;;;;;;;;;;;;;;;;;;1977-03-15;;;;;;;;;;;;;;;;1;;;
id-201;fam_32;;;"Officiis et voluptas doloremque aspernatur.";;;;;;;;;;;;1;;;;;;;;;;;;;;;;;;;;;;;;;;;;;;;;;;175;;;;;;;;;;;;;;;;;;1992-12-22;;"Sit ex dolorum qui sapiente id minima.";;;;;;;;;;;;;;;;;;;13;METER;165;547;;"Sit quas molestiae deserunt autem qui.";;;;;attr_opt_attr_592;attr_opt_attr_595;;;;;;;;;;;;;;;;;;;0;;;;;;;;;;
id-202;fam_30;;;"Illo enim voluptatem voluptas laudantium voluptate.";;;;;;;;;;;0;;;;;;;;;;;;;;;;;;;;;;;;;;;;attr_opt_attr_966;;;;;"Veniam magni fugit enim eos enim.";"Quae ut autem itaque hic earum rem.";;;;;;;;;;;;;;;;;;;;;;;;;;;;1;;;;;;;;attr_opt_attr_565;;;;;;;;;;;;;;attr_opt_attr_592;attr_opt_attr_598;;;;;;;;;;;;;;;;;;;;;;422;;;;;;;
id-203;fam_23;;;"Dolor ipsam eos ut aut eveniet quo hic.";;;;;;;;;;;;;;;;;;;;"Quia dolores ut quas dolor.";;;;;;;;;;;;;;;;;;;;;;2015-05-11;;;;;;;;;;;;0;;;;;;;;;;;;"Et ut laboriosam sit quod.";attr_opt_attr_524;;;;;;;;;;;;;;;;;;197;METER;;;;;;;;;;;;;;;;;;646;203;;;;;;;;;;;;;;;;;0;631;METER;
id-204;fam_13;;;;;;;;;;;;attr_opt_attr_643;;;;;;;;;;;;;;"Velit eveniet animi fugit vitae hic.";;;737;;;;;;;;;;;;;;1995-10-15;;;;;;;;;;;;745;885;;;;;;;971;424;;;;;;;;;;1990-03-12;;;;;;;;;;;;;;;;;;;;;;;;;;;;;;;;;;;1983-11-14;;;;;;;;;;;;;;;;;;;
id-205;fam_40;;;;;;;;;;;;;;;;;;;;560;;;"Et incidunt natus vero et.";;;;;;;;;;;;;;;;;;;;;;;;;"Et est id maiores repudiandae.";395;;;;;;351;796;;;;;;;;;;;;;;;;;;;;;;;;1991-09-14;;;;attr_opt_attr_560;;;;;;;;;;;;;;;;;1;;;;;;;;2007-01-01;;;;;;;;;;;;;"Ad porro ea ratione tempora rerum itaque dolorem.";;;;;;
id-206;fam_0;;;;;;;;;;;;;;;;;;;;;;;;;;;;;;;793;METER;40;73;;;;attr_opt_attr_08;attr_opt_attr_06;attr_opt_attr_346;;;;;;;;"Dolor ducimus laudantium voluptatibus ut.";;;;;;;;;;;;;;;;;;;;1986-06-18;"Ut alias aspernatur ducimus dolorum.";attr_opt_attr_522;;;;;;1;952;1971-07-13;1984-10-21;;;;;attr_opt_attr_560;;;;;;;;;;;;;;;;;;;;;;;;;;;;;;;;;;;;;;;;;;;;
id-207;fam_48;;;;attr_opt_attr_65;0;;;;;;;;;;0;;;"Minima magnam molestiae quo et quas aspernatur.";"Iusto accusamus natus enim dolor.";;;;;;;;;;;;;;;;560;;;;;;;;;;;1;;;;;;;;;;;;;;;;"Est qui omnis qui.";;;;;;;;attr_opt_attr_529;;;;;;;;;;;;;;;;;;;;;;;;;;;;;;;;;;;;;;;;;;;;;;;;;307;METER;;;;;;;;
id-208;fam_35;;;"Aut sit et eaque esse aut porro.";;;;;;;;;;;;;;;;;;;;;;;"Eaque magni cum tempore quas repellat ea cupiditate.";;;;;;;;;;;;;;attr_opt_attr_344;;;;;;;;;;;;;;;;;;2002-04-03;1977-04-07;;;;;;;;;;;;;;;;;1;295;;;2014-07-18;;;;;;;;;;;;;;;;;;;;;;;;;;;;;;;;;;;;;;;;;;;;;1;;;
id-209;fam_27;;;"Aut error ea facere perferendis aut.";;;;;;;;;;;0;;;;;;;;;;;;;;;;;;;;;;;;;;attr_opt_attr_341;;;;;;;"Laborum non in suscipit molestiae ut et exercitationem sint.";"Optio dignissimos rerum sint et nemo nisi.";;;;;;;;;;;;;;;;;;;;;;;;;;;;;;;;;;;857;attr_opt_attr_563;;493;599;;;;;;"Ex autem consequatur sint.";;;;;;;;;;;;111;991;;;;;;;;;;;;;;;;;;;;;;
id-210;fam_4;;;;;;;;;;;;;;;;;;;;;;;;;;;;;711;;;;;;;;;;;;;;;;;;;;;;;;;;947;618;;;;311;METER;;297;456;;;;;;;;;;;;;;;;;;;;;;43;492;;;;;;"Dolor aut ex voluptate ea voluptates quis.";19;;;;;;;;;;;;;;;;;;;;;;;;;;;;;;;;;;
id-211;fam_30;;;;;;;;;;;;;;0;;;;;;;;;;;;;;;;;;;;;;;;;;;;;;;;0;;;;;;;;;;;;;;;;"Est sit distinctio impedit velit.";;;;;;1979-09-15;;;;;;;;1;;;;;;;;;;;;;;;;;;;;;;attr_opt_attr_595;attr_opt_attr_591;;;;;;80;6;;;;;;0;0;;;;;;;;384;;;;;;;
id-212;fam_34;;;;attr_opt_attr_62;;;;;648;METER;;;;;;;;;;;;;;;;;;;;;234;METER;;;;;;;;;attr_opt_attr_250;;;;;;;;37;;;;;;;;;;;;;;109;692;;;;;;;;;;;;;;;;;"Minus similique qui consequatur sapiente nihil id quia.";;;;;;;;;;;;"Nostrum et dicta ea.";;;;;;;;;;;;277;598;;;;;;;;517;METER;;;;;;;;;;;;;805
id-213;fam_12;;;;;;;;;;;;attr_opt_attr_646;;;;;;;;195;;;;;;;;;;;;;405;474;;;;;;;;attr_opt_attr_963;;;;;;;493;;;;;;;;0;1982-01-30;2014-12-16;;;;;;;;1972-04-05;;;;;;;;;;;;;1993-04-14;;;;;;;;;;;;;;;;;;;;;;;;;;;;;;;;;;;;;;;;;;;;attr_opt_attr_911;;;;
id-214;fam_1;;;;attr_opt_attr_65;;;;;248;METER;;;;;;;;;;;2016-03-04;;;;;;;;516;;;;67;174;;;;;;;;;;;;;;"Non odit odit rerum aut.";;;;;;;;;;1993-07-30;2009-07-24;;;;;;;;;;;;;;;;;;;;;1997-08-02;;;;;;;;;;;;;;;;;;;;;;;;;;;;;;;;;;;;;;;;;;;;;;;;
id-215;fam_31;;;;attr_opt_attr_69;;;;;;;;;;;;;;;;746;;;;;;;;;;"Doloremque beatae cupiditate ab sit magnam praesentium pariatur.";376;METER;;;;;;;;;;;;;;;"Et eveniet consectetur doloribus voluptatem.";;;;;;;;;;;1984-04-07;1995-02-14;;;;746;964;377;METER;;;;;;;;;;;;;;;;;;;;;;;;;;attr_opt_attr_491;;;;;;attr_opt_attr_590;attr_opt_attr_595;;;;;;;;;;;;;;;;;;;;;;;;;;;;;
id-216;fam_48;;;;;;;;;;;;attr_opt_attr_646;;;;;;"Mollitia facere ut expedita earum.";"Cupiditate sed et voluptatibus voluptas sit eum repudiandae.";;1985-07-11;;;;;"Dolor qui consequatur eum qui.";;;;;;;;;;;;;;;;;;;;;;;;;;;;;;;1;;;;;"Adipisci omnis dolores commodi quam aspernatur dolores inventore.";;;;;;;;;;;;;;;;;;1978-06-11;;;;;;;;;;;;;;;949;METER;;;;;;;;;;;;;;;;;;;;;;;731;METER;;"Explicabo reiciendis ut neque sed molestiae nihil rem.";;attr_opt_attr_913;;;;
id-217;fam_21;;;;;;;;;;;;;;0;;;;;;50;;;;;;;;;;;;;;;;;;;;;;;;;;;;;;;;;;;;;;;;;;;;;;;2011-09-17;;;;;attr_opt_attr_238;;;;;;1997-01-03;1994-02-07;;"Minus aut accusantium voluptatibus eaque est.";;;;;;;;;;;;;;;;;;;;;0;0;;;;;;;;;;;;;;;;;;;"Enim eum laudantium iure.";;;;;;
id-218;fam_0;;;;;;;767;867;;;;;;;;;;;;;;;;;;;;;;"Tenetur odio deleniti unde commodi id.";;;;;;;;;;;;;;;;;;;;;;;;;;;;;;;;;855;164;;;;;;;;;;;;1;811;;;;;;;;;;;;;;;;;;;;;attr_opt_attr_591;attr_opt_attr_599;;;;;;;;;;;;;;;;;;;;;;;;;;;;;
id-219;fam_19;;;;;;;;;;;;;;;;;;"Voluptatem unde quidem aut doloremque cupiditate fugit est voluptatem.";"Et quos voluptas sed repellendus nesciunt in.";;;;;;;;;;;;;;711;601;;;;;;;;;;;;;"Ipsam explicabo accusantium eligendi maxime autem id.";;;;;;;;;;;;;;;;;;;;;1970-07-14;;attr_opt_attr_525;;;;;"Aspernatur non commodi eveniet.";;728;;;;;;;;;;;;;;;attr_opt_attr_495;;;;;;;;;;;;;;;;;;;;;;;;;;;;;;;;attr_opt_attr_916;;;;
id-220;fam_23;;;"Nisi animi tempora consequatur corrupti nesciunt sit ut.";;;;;;;;;;;;;;;;;;;;"Error fugit possimus illo illum et.";;;;;;;;;;;;;;;;;attr_opt_attr_348;;attr_opt_attr_964;1977-09-11;;;;;;;;;;;;;;0;;;;;;;;;;;;;;;;;;;;;;;2009-12-25;;;;;;;;;;;;;;;;;;;;;;;;;;;;;;;;;;;;;;;;;;;"Cupiditate maiores rerum a harum sed enim voluptatem ut.";;;;;
id-221;fam_24;;;;;;;;;;;;;;;;;;;;;;;;;;;;;;;;;;;;;;;;;;;;;;;;;;;595;699;;;;;;;;;;;650;93;;;;;;;;;;1999-01-22;;;;;;;;;;;;33;85;;;928;899;;;;;;;;;;;;;;;;;;1978-12-06;;;;;;;;;0;;;;;;;;;;555
id-222;fam_45;;;;;;;;;;;;;;;;;;;;;1971-11-06;;;;;;;;88;;450;METER;;;;;;;;;;;;;;0;;;;;;;;;;;;;;;;;;;;;;;;;;;;;;;;;;;;;;;;;;;;;;;;;;;;;;533;;;;;;;;;1994-04-10;;;;;;;;;;737;METER;;;;;;;;
id-223;fam_12;;;"Soluta ducimus pariatur et animi vitae necessitatibus error ipsum.";;;;;;;;;;;;;;;;;;;;;;;;;;;;;;;;;;;;;;;;;;;;;;;;;;;;;;;;;;;;;;;;;;;;;;;;;;;;;;;;;;;;;;;;;;;168;;;;;;;;;;attr_opt_attr_158;;;;;;;;;;653;METER;;;0;;;;;"Repellendus tempore maxime perferendis atque qui molestiae odio.";;;;;
id-224;fam_45;;;"Quasi aut praesentium at doloribus sunt.";;;;;;;;;;;;;;;;;;1988-03-01;;;;;;;;;;;;986;861;;;;;;;;;;;;;;;;;;;;;;;0;;;;;;;;;;;;;;;;;;;;;;;;;;;;;;;;;;;;;;830;METER;;;;;;;;;;;;;;;;;;;;"Totam repudiandae aliquam quo id et.";;;261;METER;;;;;;;;
id-225;fam_1;;;;;;;;;;;;;;;;;;;;;;;;;;;;;878;;;;;;;;;;;;;;;;2001-08-27;;;"Soluta est aspernatur nam est.";;;;;;;;;;;;;;;;;;;;;;;;;;;;0;;;;2007-12-23;;;;;;;;;;;;;"Nam sint molestias voluptatem porro occaecati voluptas est enim.";;;;attr_opt_attr_216;;;;;;;;;;;;;;;;;;;;;;;;;;;;;;;
id-226;fam_36;;;;;;;324;374;;;;;;;;;;;;;;;;;;;;;;;;;;;;;;;;;attr_opt_attr_257;;;;1993-01-04;0;;;;;;;;;;;;;;;;;;;;;;;;;;;;;;;763;1992-02-25;1994-02-01;;;;;;;;;;;;;attr_opt_attr_494;;238;;;;;;;;;;;;;;;;;;0;0;;;;;;;;246;;;;;;;
id-227;fam_13;;;;;;;;;;;;attr_opt_attr_647;;;;;;;;;;;;;;;;;;;;;;;;;;;;;attr_opt_attr_257;;;;;;;;;;;;;;452;910;;;;;;;215;350;;;;;;;;;;;"Voluptates et magnam eaque aliquam maiores est.";;;;;;;;;;;;;;;;;;;;;;;;;;;;;;;;;;;;;;;;;;;;;;963;;;;;;;178
id-228;fam_13;;;;;;;;;;;;attr_opt_attr_641;;;;;;;;;;;;;;"Facere est et animi quia.";;;;"Laudantium et odit vel.";;;;;;;;;;;attr_opt_attr_253;attr_opt_attr_966;;;;;;;;;;;;;;;;;;;;;;;;;;;;;;;;;;;;;;;;;;;;;;;;;;;"Nihil impedit illum nulla repudiandae sed qui accusamus voluptas.";;;;;;;;;1;1;;;;;;;;;;;;;;;;;;;;;;;;;
id-229;fam_0;;;;;;;130;514;;;;;;;;;;;;;;;;;;;;;;;;;;;;;;;;;;;;;1996-03-15;;;;;;;;;;;;;1970-06-17;1983-05-15;;;;;;;;1991-11-01;2007-07-15;;;;;;;;;;;;;"Nam quam nemo nihil quo ab consequatur numquam ut.";;149;;;871;372;;;;;;;;;;;;;;;;;;;;;;;;;1;0;;;;;1;;;;;;;;;;
id-230;fam_27;;;;;;;;;;;;;;;;;"Id et iure molestias dolor.";;;;;;;;;;;;;;;;;;;;;;;;;;;;;;"Non doloribus eos maiores cum voluptates quisquam velit.";;555;;;;;;;;;1988-11-11;1986-06-07;;;;;;;;;;;;;;;;;;;;;;;;;;;;;;;;;;"Deleniti sequi architecto hic qui officia dolores.";;;;;;;;;;;;;;;;;;;;;;;;;;;;955;;;;;;;
id-231;fam_45;;;;;;;;;;;;;;;;;;;;;;;"Rerum quam iure doloribus id nobis vel.";;;;;;;"Tenetur consequatur sit error voluptatem et.";;;;;;;;;;attr_opt_attr_343;;;;;;;"Rem culpa rem esse corporis ea aut.";;;;;;;;;;;;;;;;;;;;;;"Quis vel enim natus deserunt dolorum.";;;;;;;1;;;;;;;;;;;;;;;;;;;;;;;;;;;;;;;;;;;;;;;;;;;;;567;;;;;;;
id-232;fam_25;;;;;;;;;;;;;;;;;;;;;;;;;;;;;263;;;;;;;;;attr_opt_attr_09;attr_opt_attr_07;;;;;;;;;;;;;;;;;;0;;;;;;84;482;;;;;;;;;;;;;;;;;;;;;;563;903;;;;;attr_opt_attr_497;;;;;attr_opt_attr_217;;;;;;;;;;;;;;;;;;;;;1;;;181;;;;;;;
id-233;fam_37;;;;;;;;;;;;;;;;;;"Accusamus accusantium aut delectus corrupti ad ipsam molestiae dolor.";"Eum ipsam molestias amet magni quia culpa consectetur.";;;;"Quisquam laboriosam tempore deleniti dolores numquam.";;;"Aut et corrupti est nostrum optio dolor libero.";;;;;;;;;;;;attr_opt_attr_06;attr_opt_attr_02;;attr_opt_attr_254;;;;1980-02-12;;;;;;;;;;;;;;;;;;;;;;;;"Hic autem mollitia ipsa quae.";;;;;;"Et suscipit sunt sed porro alias.";;;;;;;;;;;;;237;METER;;;attr_opt_attr_490;"Suscipit ut et nihil eos tenetur.";;;;;;;;1;;;;;;;;;;;;;;;;;;;;;;;;;;;
id-234;fam_26;;;;;;;;;;;;;;;;;;;;;;;;;;;;;;;;;;;;;;;;;;;;;;;;;;;;;;;739;456;;;;;;;;;;;;;;;;;;;;1;;;;;;;;;;;;;;398;663;;;;;;;;;479;;;;;;;343;575;;;;;;;;;;0;;;;;;;1;;;
id-235;fam_34;;;;;;;;;502;METER;;;;1;;;;;;;;;;;;;;;;;;;462;607;;;;;;attr_opt_attr_343;attr_opt_attr_258;;;;;;;;;;;;;;;;;2009-05-15;1979-08-05;519;METER;;;;;;;;;;;;;;;;;;;;;;;;;;;;;;;;;;;;;;;;;;;;26;504;;;;;;;;;;;;;;;407;;;;;;;328
id-236;fam_31;;;"Rerum eligendi possimus aut neque error harum culpa.";attr_opt_attr_64;;;748;454;;;;;;;;;"Ipsum facilis minima eum eligendi.";;;171;;;;;;;;;;;;;;;;;;;;;;;;;;;;;;;;;;;;;;2010-05-20;2002-04-26;;;;;;;;;;;;;;;;;;;;;;;;;;;;;;;;;;;;;;;;;;;;;;;;;;1970-09-15;;;;;;;;;;;;;;;;;;;
id-237;fam_17;;;;;;;;;595;METER;;;;;;;;;;;;;;;;;;;;;;;;;;;;;;;;;1981-03-04;;;;;;;;;;;;;;;;;;;;;;;;;;;;;attr_opt_attr_232;;;;0;;;;;;;;;;;;;;;;attr_opt_attr_493;;;;;;;;;1;;;;;;;;;;;;;;;;;;;;;;;;;;;260
id-238;fam_27;;;;;;;;;;;;;;;;;"Nemo repudiandae officiis sed dolorem sunt voluptas.";;;;;;;;;;;;;;;;;;;;;attr_opt_attr_08;attr_opt_attr_07;;;;;;;;"Placeat minima itaque illo vero quae qui animi soluta.";;;;;;;;;;0;1980-03-22;1975-03-27;;;;;;;;2006-03-16;;;;;;;;;;;1989-05-11;1978-06-17;;;;;attr_opt_attr_567;;848;996;;;;;;"Est ad et ratione necessitatibus natus.";;;;;;;865;;;;;40;745;;;;;;;;;;;;;;;;;;;;;;
id-239;fam_25;;;;;;;;;137;METER;;;;;;;;;;;;;;;;;;;;;;;;;;;;;;;;;;;;;;;;;;;;;;;;;;;;;;;;;;;"Iure in corporis facere ex tenetur.";;;;;;;;;;;;"Repellendus harum enim explicabo molestias.";;280;;;;;;;;;;;;;;;;;;;;;;;;;;;;;;;;;;;1;344;METER;;"Voluptatem vitae consequatur atque exercitationem voluptate non.";;;;;;
id-240;fam_16;;;;;;;279;509;;;;;;;;0;"Assumenda et non et nostrum.";;;961;;;;;;;;;10;"Consequuntur id incidunt eius culpa sit.";;;;;;;;;;;;;;;;;;;;;;;;;;;;;;;;;;;;;;;;;;;;;;;;;;;;;;;;;;;;;;;;;;;;;;;;;;;;;;;;;;;;;;;;;;;;;;;;;;
id-241;fam_24;;;"Quia voluptatibus consectetur eum totam.";;;;;;;;;;;;;;;;;;;;"Doloribus nam repellendus facilis consequatur error quos.";;;;;;;;115;METER;;;;;;;;;;;;;;;;;;;;;;;;;;;;;;;;;;;;;;;;;;;;0;;;;;;;;;;;;;;;;;;;;;;;;;0;;;;;;;;;;;;;;;;;0;;;;;;;;;;95
id-242;fam_49;;;;;;;;;;;;;;;;;"Cum eaque eos explicabo delectus rem est perspiciatis.";;;;;;;;;;;;;;501;METER;;;;;;attr_opt_attr_05;attr_opt_attr_09;;;;;;;;;;;;;;;;;;;;;;;"Aliquid ut eos aut doloribus unde velit voluptate.";;;;;;;;;;;;;;;;;;;;;;;;;;;;;;;;;;;;;;;;;;;205;92;;;;;;;;596;METER;"Eius sapiente quia optio dolor optio quidem.";;;;;;"Distinctio voluptatem ratione accusantium eaque ex accusamus.";"Nesciunt delectus est quae accusantium sit.";;;;;
id-243;fam_10;;;;;;;3;91;;;;;;;;;;;;;;;;;;;;;;;;;;;;;;;;;;;;;;0;;;;;;;;;;;;;;;;;;;;;1988-07-05;;;;;attr_opt_attr_238;;;;;;;;;;;;;;;;;;;;;;;;;;;;;;;;;;;;;;;;;;;;;;;119;METER;549;;;attr_opt_attr_917;;;;563
id-244;fam_35;;;;;;;;;884;METER;;;;;;;;;;824;1974-03-23;;;;;;;;;;820;METER;;;;;;;;;;attr_opt_attr_968;1975-12-15;;;1;;;;;895;72;;;;;1;;;;;;;;;;1989-02-05;;;;;;;;;0;;;;1986-09-21;;;;;;;;;;;;;;;;;;;;;;;;;;;;;;;;;;;;;;;;;;;;;;;;
id-245;fam_11;;;;;;;;;;;;;;;;;;"Error delectus maxime dolore quisquam.";"Voluptas est saepe laboriosam nam omnis quod iure enim.";;;;;;;;;;;;;;;;;;;;;;;;;;;;;;639;;;;;;544;729;;;;;;;;;;;;;;;;;;;"Rem sunt qui eum repudiandae voluptatem dolor repudiandae quidem.";;;;;;;;;;;;;;;;;;;;;;attr_opt_attr_211;;;;;;;;;;;;;;;;;;;;;;;;159;;;;0;;;
id-246;fam_28;;;;;;;;;643;METER;;;;;;;;;;;;;;;;;;;451;;;;858;525;;;;;;;;;;;;;;;;;;;;;;;;;;265;METER;;;;;;;;;;;;;;;;513;;;;;;711;;;;;;;;;;;;;;;attr_opt_attr_595;attr_opt_attr_596;;;;;;;;;;;;;;;;;;;;;;;"Id sit incidunt eum ullam.";;;;;;
id-247;fam_30;;;;;;;;;;;;;;;;;;"Pariatur voluptatem quas rerum aliquid.";"Exercitationem ratione quia nihil qui est eos sint.";;;;;;;;;;;;;;;;;;;attr_opt_attr_03;attr_opt_attr_08;;attr_opt_attr_257;;;;;;;;;;;;;;;;;;;;;;;;;;;;;;;;;;;;;;;;"Voluptatibus neque eos mollitia illo quibusdam perferendis animi.";;;;;;;;;;;attr_opt_attr_495;;;;;;attr_opt_attr_593;attr_opt_attr_594;617;;;;;;;;;;;;;;;;"Reprehenderit tempore tenetur aut unde.";;;;;;;;;;;;
id-248;fam_17;;;;attr_opt_attr_66;;;;;;;;;;;;1;;;;;;;;;;;;;;;;;;;;;;;;;;;;;;;"Aliquam nihil repellat sequi saepe.";;;;;;;;;;;;;;;;;;;;;;;;;attr_opt_attr_231;;;;;;;;;"Officia ipsa omnis ut ab impedit eos.";;;;;;;;;;;;;;;;;;;;;;;;;;;;;;;;;;;;;;;;;;;;;;;
id-249;fam_16;;;;;;;;;;;;;;0;;;;;;;;;;;;;;;;;;;;;;;;attr_opt_attr_02;attr_opt_attr_08;;;;;;;;;;829;;;;;;;;;2001-07-24;2011-08-14;;;;;;;;;;"Qui assumenda ut consectetur eos est.";;;;;;;;;;;;;;;;;;;;;;;;;;;;;;;;;;;;;;;;;;;;;;;;;;;;654;;;;;;;
id-250;fam_8;;;;;;;;;;;;attr_opt_attr_641;;0;;;;;;;;;;;;;;;;;;;;;;;;attr_opt_attr_01;attr_opt_attr_05;;;;;;;;;;;;;;;;;;;1970-04-08;1973-12-01;763;METER;;;;;;;;;;;;;;;;;;;;;;;;;;;;;;;;;;;;;;;;;;;;;;;;;;;1;0;;;;;;;;;;;;;;;
id-251;fam_33;;;;;;;;;;;;attr_opt_attr_645;;;;;;;;;;;;;;;;;;;;;;;;;;attr_opt_attr_00;attr_opt_attr_07;;;;2011-03-22;;;;;;;;;;;;;;;;;;;;;;;;;;;;;;;;;1;;;;;;;;;;;;;;;;;;69;342;METER;;attr_opt_attr_596;attr_opt_attr_590;35;;;;;;;;;;;;;;;;"Voluptate velit voluptas vel voluptate soluta.";;;;;628;;"Quia dolores unde est fuga eaque quia tempora.";;;;;
id-252;fam_33;;;;;;;;;;;;;;;;;;;;;;;;;;;;;;;119;METER;;;;;;;;;;;;;;;;;;;;;;;;;;;;;;;;;;;1995-01-26;;;;;attr_opt_attr_232;;;;;;;;;;;384;;;;;;;;;;;;;;;;;;;0;0;;;;;;;;;;;;;;;;;;358;;;;;;;
id-253;fam_49;;;"Eaque doloremque exercitationem quia ut quia.";;;;;;;;;;;;;;;"Voluptas hic fugit et sequi minus.";"Autem in odit reprehenderit rerum.";;;;;;;;;;;;;;;;;;;;;;attr_opt_attr_257;attr_opt_attr_965;1976-07-26;;;;;;133;;;;;;;;;2006-04-24;1984-08-22;;;;;;;;;;;;;;;;;;;;;;;;;;;691;979;;;;;;;;;;;;;499;;;;attr_opt_attr_159;;;;;;;;;;;;;;;;;;;;;;529;METER;
id-254;fam_19;;;;;;;;;;;;attr_opt_attr_647;;;;;;;;145;;;;;;;;;;"Praesentium ut dolorem facere harum quo distinctio natus.";;;446;749;;;;;;;;;;;;;"Quis vel exercitationem ullam dolor minus.";"Numquam itaque placeat autem similique quos autem numquam.";463;;341;230;;;;;;;;;;;;;;;;;"Cum eum aliquid autem.";;;;;;;;372;;;;;;;;;;;;;;;;;;;;;;;;;;;;;;;;;;;;;;;;;;;;;;;;;;;
id-255;fam_0;;;;;;;;;;;;;;;;;;"Excepturi sit voluptas illum voluptas maxime esse blanditiis at.";"Sequi et voluptas quia velit quaerat et qui.";;;;;;;;;;;;;;346;136;;;;;;attr_opt_attr_343;;;;;;;"Cupiditate quod alias illo neque dolorem et.";;;;;;;;;;;;;;;;246;407;;;2015-04-03;;;;;;;;;;;;;;"Fuga iure et porro praesentium sapiente officiis incidunt.";;;;;575;658;;;;;;;;;;;;;;;;;;;;;;;;;0;1;;;;;;;;;"Impedit minima molestiae ea.";;;;;;
id-256;fam_31;;;;;;;990;549;;;;;;;;0;;;;251;;;;;;;;;;;;;;;44;;;;;;;;;;;;;;;;;;;;;;;2011-05-20;1997-12-29;;;;487;329;447;METER;;;;attr_opt_attr_525;;;;;;;;;;;;;;;;;;;;;;attr_opt_attr_494;;;289;METER;;;;;;;;;;;;;1990-08-04;;;;;;;;;;;;;;;;;;;
id-257;fam_9;;;;;;;;;;;;;;;;;;;;;1986-10-10;;;;;;;;;;;;;;;;;;;;;;;;;;;;;;;;;;;;;;;;;;23;808;;;;;;;;;;;;1;;;;;;;;;;;;548;METER;;;;"Ipsam eius soluta quasi et molestiae et vitae.";;;;;;;;;;;;;;;;;;;;;;;;;;;;920;"Ut non aut deserunt sit maxime.";;;0;;;693
id-258;fam_11;;;;;;;;;;;;;;;0;;;;;;;;;;;;;;;;;;;;;;;;;;;;;;;;;;;;;;;;;;;;;;;"Natus in eos quia ipsam velit labore unde.";;;;;;1983-12-28;;;;;;;;;;;;;"Aliquid nesciunt placeat sunt expedita.";;;attr_opt_attr_565;;;;;;258;913;attr_opt_attr_498;"Aut et harum voluptas reiciendis.";;;;attr_opt_attr_215;;;;;;;;;;;;;;;;;;;;;;;;;;;;;;;
id-259;fam_15;;;;;;;;;;;;;;;;;;;;;2012-11-26;;;;;;;;;;;;;;;;;;;;;;;;1970-05-31;;;;;;;;;;;;;;;;;"Inventore quidem repellat id et.";;;;;;;;;;;;;;;;;;;;;;;;;;51;METER;;;;;187;;;;;;;;;;;;;;;2004-02-26;;;;;;;;;;;;990;;;;;;;
id-260;fam_24;;;;;;;;;;;;;;1;;;"Provident doloribus rerum tempora accusantium tenetur.";;;;;;;;;"Error rerum veritatis non quo molestiae.";;;;;;;201;900;;;;;;;;;;;;;;;;;681;672;;;;;;1986-05-15;1972-06-11;;;;;;;;;;;;;;;;"Excepturi accusantium quidem reprehenderit in odit.";;;;;;;;;;;;;398;METER;;;;;;;;attr_opt_attr_219;;;;;;;;;;;;;;;;;;;;;;;;;;;;;;;
id-261;fam_49;;;"Voluptate enim quis sit.";;;;;;;;;;;;;;"Sit quod rerum sit.";;;;;;;;;;;;;;;;;;;;;;;;attr_opt_attr_252;;;;;;;;;;;;;;;;;1971-04-10;2004-09-12;;;"Consequatur qui pariatur rerum quidem eos.";;;;;;;;;;;;1997-11-02;;;;;;;;;;;;;;;;;;;"Aut a accusantium praesentium sapiente magnam.";;;;;;;;;;;;;;;;;;;;;293;METER;;;;;;218;;;;;288;METER;
id-262;fam_23;;;;;;;;;;;;;;;;;;;;;;;;;;;;;;"Aut quasi quae est.";;;;;;;;;;;;;;;2001-07-18;;;;537;;;;;;206;875;;;;;;;204;78;;;;;;attr_opt_attr_528;;;;;"Minima commodi rerum mollitia nihil ipsam voluptates qui.";;;;;1973-09-13;"Aut sed vero et eos.";;;;;;;631;METER;;;;;508;;;;;;;;;;;;;;;;;;;;;;;;;;;;;"Officiis sed sed sed molestiae fugit molestiae.";;;;;
id-263;fam_20;;;;;;;;;;;;;;0;;;;;;;;;;;;;;;;;;;;;;;;;;;;;;;;1;"Voluptatem quasi enim optio dolor.";;;;;;;;;;;;;;;;;;;;;;;;;attr_opt_attr_233;;;;;;;;;;;;;;;;;;;;;"Deserunt perspiciatis magni quod magnam perferendis numquam vel.";577;;;;;;;;1;0;;;;;;;;;;;;;;;;;;;;;;1;;;
id-264;fam_25;;;;;;;;;;;;;;;;;;;;;;;;;;;;;;;;;;;;;;attr_opt_attr_03;attr_opt_attr_03;;attr_opt_attr_255;;;;;;;;;;;;;;;;;;;;;;;;;;;;;;;attr_opt_attr_234;;;;;;;;;"Vel ab nulla tempore dolorum nam reprehenderit saepe.";;;;;;;;;;;;;;;;;;;;0;;;;;;;;;;;;;;;;;1;;;;"Veniam vitae harum cupiditate voluptas magni.";;;;;;
id-265;fam_29;;;;;;;;;;;;;;;;;;;;;;;;;;;;;;;848;METER;;;;;;;;;;attr_opt_attr_965;;;;;;;;;;;;;;;;;;;;;;;;;;;;;;;;;;;;;;;;;770;;;;;;;;;;;;741;METER;;attr_opt_attr_594;attr_opt_attr_595;;;;;;420;94;827;952;1994-03-21;;;1;1;715;METER;;;;;;;;"Consequatur cum ea et odit saepe ipsam consectetur.";;;;;
id-266;fam_5;;;"Natus occaecati molestias explicabo veniam.";;;;;;755;METER;;;;;1;;;;;;;;;;;;;;;;;;;;;;;;;;attr_opt_attr_250;;;;;;;;;;;;;;;;1;;;;;;;;;;;;;;;;;;;;866;;;;;;;;;;;;;;;;;;;;;;;;;;;;898;22;;;;;;;;650;METER;;;;700;METER;;;;;;;;
id-267;fam_47;;;;;;;;;;;;;;;;;;;;;;;"Quae rerum eveniet error aut nostrum at saepe animi.";;;;;;;;;;;;;;;;;;;;;;;0;;;;;;;;;;;;;;;;;;;;;;1977-07-06;;attr_opt_attr_522;;;;;;;;2008-11-30;2006-11-22;2009-12-06;;;;;;;;;;;;;;;;;;;;;;;;;;;;;;;;;;;;;;;;;;;;;;;;
id-268;fam_2;;;;;;;30;450;;;;;;;;;;;;481;;;;;;;;;;;;;;;;;;;;;;;;;;;;;;;;;;;;;;;;;;;;;;;;;;;;;;;;;;;;2001-04-11;;;;;;;;;;;;;;;;;;attr_opt_attr_593;attr_opt_attr_597;39;;;;;;;;;;;;;;84;METER;;;0;;;52;;"Inventore placeat sit facilis perferendis vel impedit.";attr_opt_attr_919;;;;918
id-269;fam_25;;;;;;;;;827;METER;;;;;;;"Et corporis voluptate fuga mollitia autem modi molestias.";;;;;;;;;;;;857;;;;;;;;;;;attr_opt_attr_347;;;;;;;;;;;500;338;;;;;;;;;;;347;624;;;;;;;;attr_opt_attr_232;;;;;;;;;"Rem sed accusamus porro cum vel veniam eaque iusto.";;;;;;;;;;;;;;;;;;;;;;;;;;;;;;;;;;;;;;;;879;;;;;;;
id-270;fam_45;;;;;;;;;;;;;;;;;;;;;1986-04-25;;"Voluptatem minima sed consequatur dicta quia cumque.";;;;;;;;;;;;;;;;;attr_opt_attr_340;;;;;;;;;;;;;;;;;1;;;;;;;;;;;;"Voluptas recusandae non perferendis et eaque.";;;;;;;;;;;;"Et dolorum maxime ad ut aspernatur sed molestiae.";;;;;785;809;;;;;attr_opt_attr_496;;;166;METER;;;;;;;;;;;;;;;;;;;;"Adipisci est aut vero voluptatem repellat doloribus.";;;;;;;;;;;;
id-271;fam_30;;;"Cum a iure dolores non quibusdam et consequatur.";;;;;;;;;;;;;;;;;;;;;;;;;;;;;;;;;;;;;;attr_opt_attr_253;;;;;;;;;;;;;;;;;;;;;;;;;;;;;;;;;;;1;316;;;;;;376;attr_opt_attr_569;;;;;;792;745;;;;;;;;;;;;;;;;;;;;;;;;;;;;;;;;"Et vero corporis doloribus at.";;;;;
id-272;fam_20;;;;;;;;;;;;;;;;;;;;;;;;;;;;;;;;;;;;;;;;;;;;;1997-12-07;;;;;;;;;;;;;;;;;"Est sed doloremque est eos ut minus nulla.";;;;;;;;attr_opt_attr_528;;;;2007-01-05;"Voluptatem facilis expedita culpa natus accusamus et excepturi.";;;;;;"Voluptatem necessitatibus distinctio aperiam animi.";;;attr_opt_attr_560;;;;;;;;;;;;;;;;;;;;;;;;;;;;;;;;;;;;;;;;;;;;
id-273;fam_48;;;"Harum dolore quaerat et possimus.";;;;;;;;;attr_opt_attr_640;;;;;;;;;;;;;;;;;62;;;;;;;;;;;;;;1998-01-08;;;;;;;;;;;;;;1;;;;;;;;;;;;;;;;;;;;;2009-06-12;1995-01-07;;;;;attr_opt_attr_565;;;;;;;;;;;;;;attr_opt_attr_598;attr_opt_attr_593;;;;;attr_opt_attr_151;;;;;;;;;;;;"Asperiores accusamus impedit ut commodi.";;;171;METER;;"Recusandae tempora sunt architecto odit autem.";;;;;;
id-274;fam_32;;;"Placeat architecto in exercitationem pariatur accusamus asperiores.";;;;;;;;;;;;;0;"Reiciendis delectus qui quae nihil tenetur.";;;;;;;;;;;;;;;;;;;;;;;;;attr_opt_attr_966;;;;;;;;;;;;;;;;;;;;;;;976;METER;;;;;;;;;;;;;;;;;;;;;;910;METER;;;;;;;;;;;;;;;;;;604;193;;;;;;;;;;0;;;;;;;;;;
id-275;fam_46;;;;;;;;;477;METER;;;;;;;;"Vitae dolores incidunt illo itaque similique blanditiis quia.";"Voluptatem ipsa et ipsa veniam consequuntur alias consequatur voluptas.";;;;;;;"Aut sit enim aut inventore.";;;;;;;;;;;;;;;;;2009-02-16;;;;"Ad aliquid doloribus exercitationem distinctio.";;;;;;;;;;;1989-04-22;2015-06-30;;;;;;;;;;;;;;;;;0;;;;;;;;;;;;;;;;;;;;;;;;720;;;;attr_opt_attr_155;;;;;;;;0;0;;;;;;;;;;;;;;;658
id-276;fam_13;;;;;;;;;;;;;;;;;;;;;;;;;;;;;;;;;;;;;;;;;;;1985-02-08;;;;;;;;;;;;;;;;;;;;;;;;;;;;;;;;"Perferendis sit illum est in ex.";;;;;1989-12-23;;;;;;;;;;;;;;;;;;;;;;0;0;;;;;;;;;;;;;;;;496;METER;;;"Reiciendis aliquid accusantium vitae ut consequatur in est.";;;;;
id-277;fam_29;;;"Cumque ut neque et perferendis dolorum ipsam.";attr_opt_attr_65;;;;;;;;;;1;;;;;;721;;;;;;;;;;;;;;;;;;;;;;;;;;;;"Id et repellendus officia autem.";;;;;;;;;;;;97;METER;;;;;;;;;;;attr_opt_attr_239;;1987-01-18;;;;;;;;;;;;;;;;;;;;;;;;attr_opt_attr_593;attr_opt_attr_591;;;;;attr_opt_attr_159;;;;;;;;;;;;;;;;;;;;;;;;
id-278;fam_1;;;;attr_opt_attr_65;;;;;;;;attr_opt_attr_648;;;;;;;;;;;;;;;;;;;;;;;;;;;;;;;;;;;;"Eveniet quia eum quod voluptatem architecto iste.";;;;;;;495;779;;;;399;METER;;;;;;;1972-09-21;;;;;;;;;69;;;;;;;;;;;;;;;;;;;;attr_opt_attr_217;attr_opt_attr_596;attr_opt_attr_597;;;;;;;;;;;;;0;1;;;;;;;;;;;;;;;
id-279;fam_29;;;;attr_opt_attr_64;;;;;;;;;;;;;;;;554;;;;;;;;;;"Asperiores voluptatem nulla necessitatibus.";;;;;;;;;;;;;;;;;;"Magni enim quis et eaque aspernatur hic.";;;;;;;;;;;;;;;;;;;;;;;;;;;;;;;;;"Odit debitis molestiae ut illum quo magnam.";;891;;;;;;;;;;;;122;METER;;;;;;;;;;;;;1987-12-06;;;1;0;;;;;;;;;;;;;;;
id-280;fam_2;;;;;;;616;604;;;;attr_opt_attr_641;;;;;;;;;;;;;;;;;;"Dicta quos excepturi sint.";;;;;;;;;;;;;;;;;;;;;;;;;;;;;;;;;;;;;;;;;;attr_opt_attr_237;;;;;;;;;;;;;;;;;;;;;"Illo quam explicabo rerum quia hic eum quaerat.";;;;;;;;;;;;555;923;;;;;;0;0;;;;;;;;;;;;;;;401
id-281;fam_36;;;;;;;205;713;;;;;;;;;"Adipisci rerum omnis inventore vel esse.";;;;;;;;;;;;;;;;;;;;;;;;attr_opt_attr_250;;;;;;;"Quae amet et expedita eius explicabo quis quam.";;;;;;;;;;;;;;;;;;;;;;;;;;;;;;;;2000-09-26;"Quisquam non et debitis officiis aut est reiciendis.";;;;;;;;;;;;;;;;attr_opt_attr_218;;;;;;;;;;;;;;;;;;;;;;;;276;;;attr_opt_attr_916;;;;
id-282;fam_30;;;;;;;;;;;;attr_opt_attr_646;;;;;;"Blanditiis enim voluptatum ut officiis odio dolores est.";"Sed vitae quis veritatis velit consequatur.";;;;;;;;;;;;;;;;;;;;;;;;1976-07-26;;;;;"Qui sint enim quam praesentium quis.";;;;;;;;;;;;;;;;;;;;2011-11-26;;;;attr_opt_attr_235;;;;;;;;;;;;;;;;;;;;attr_opt_attr_492;;;;;;;;647;;;;;;;;;;;;;;;;;;;;;;;"Omnis esse et officia non.";;;;;970
id-283;fam_34;;;;;;;;;;;;;;;;;;;;;;;;;;;;;;;;;;;;;;;;;;;;;;;;;;;;;;;;;;;;;;;;;;;;;"Minus id voluptates quia ullam similique.";attr_opt_attr_525;;;;;"Ducimus dolorem a ea dicta pariatur ipsa.";;;2007-08-08;1995-06-16;;"Sed odit vero eaque hic eos non.";;;;;;;;;;;;"Sunt doloremque iste qui eos.";;;;;;;;;;;;;;;;;;;;;704;METER;;;;;;;;;;;;;743
id-284;fam_1;;;"Fugit sed enim quia minus quod nihil sapiente illum.";;;;;;;;;attr_opt_attr_646;;;;;;;;;;;;;;"Rerum dolores exercitationem aspernatur.";;;;;;;;;;;;;;;;;;;;;;;398;;;;;;;;;;;;;;;;;;;;;;;attr_opt_attr_238;;;;;92;;;;;;;;;;;;;;;attr_opt_attr_498;;;;;attr_opt_attr_212;;;;;;;;;;;;;;;;;;;;;;;;;;;;;;;
id-285;fam_19;;;"Aliquid libero suscipit error iste aut cupiditate.";;;;;;;;;;;;;;;;;;;;;;;"Sit nihil eum fuga amet.";;;542;"Et accusantium ducimus hic vero.";;;;;;;;;;;;;;;;;;"Vitae esse quibusdam est soluta nobis odio.";;;;;;;;;;;;;;;;;;;;;"Dolores provident sint dolore officiis doloremque.";;;;;;;;;;;;"Cupiditate consequatur aut voluptatem qui qui labore.";;;;;;;;;;;;;;;;;;;;;;;;;;395;156;;;;;;;;"Ea deleniti voluptas qui sapiente temporibus cum.";;;;;;;;;;;;
id-286;fam_20;;;;;;;;;74;METER;;;;;;;;;;;;;;;;;;;;;;;;;;;;;;attr_opt_attr_348;;;;;;0;;;;;;;;;;;;;;332;METER;;;;;;;;;;;;;;;;;;;;;;;;;;;;;;;;;175;;;;;;868;;1;0;;;;;;;;;;;;;;;;;;;;;;;;;
id-287;fam_7;;;;attr_opt_attr_64;;;;;;;;;;;;;;;;;;;;;;;;;;"Voluptate distinctio ex mollitia in veniam at et.";;;;;;;;;;;;;;;;;"Ut et earum doloremque sint ut nobis dolorum.";;;attr_opt_attr_630;;;;;;;;;;;;;;;;;;;;;;;;2011-03-04;;;;;;2014-11-01;;;;;;;;;;;;;;;;;;;;;;;;;;;;;;;;;;;;;;;;;;;;attr_opt_attr_918;0;;;851
id-288;fam_21;;;;;;;;;;;;;;;;;;;;;;;;;;;;;;;;;;;;;;;;;;attr_opt_attr_963;;;;1;;;;;;;;;;;;;;;;;;;;;;;;;;;;;;;501;1981-09-28;1974-02-02;;;;6;;;147;278;;;;;;;;;;;;;;;0;0;;;;;;;;;;;;;;;;715;METER;;"Inventore nam magnam quaerat nihil eveniet repellendus tempore.";;;;;;20
id-289;fam_27;;;;;;;;;;;;;;;;;;;;;;;;;;;;;;;927;METER;;;;;;attr_opt_attr_09;attr_opt_attr_04;;attr_opt_attr_253;;;;;1;;"Dolore voluptatem at vero placeat exercitationem exercitationem dignissimos.";;;;;;;;;;;;;;;;;846;METER;;;;;;;;;;;;;;;;;;;;;;331;METER;;;;;;;;;;;;1;;;;;;;;;;;;;;;;;;;;;;;;;;;790
id-290;fam_49;;;"Et accusantium aut deserunt vel asperiores.";;;;617;363;;;;attr_opt_attr_649;;;;;;;;;;;;;;;;;;;;;;;;;;;;;;;;;1994-09-28;;;;;;;;;;;;;;;;;;;;;;;;;;;;;;;;;;;;;;;;;;;;;;;;;364;;;;;;;0;;;;591;457;;;;;;;;;;;;;;;;;;;;;;
id-291;fam_11;;;;;;;257;55;708;METER;;;;;;;;;;;;;;;;"Voluptatem iste praesentium molestias maiores.";;;;;;;;;;;;attr_opt_attr_09;attr_opt_attr_06;attr_opt_attr_340;;;;;;;;;287;;;;;;;;;;;;;;;;;;;1975-06-28;;;;;;;;;;;;;;;;;;;;;;413;17;;;;;;;;;;;;;;;;;;;;;;;;;;;;;;;;;;;;;
id-292;fam_15;;;;;;;175;60;;;;;;;;;;;;;;;;;;;;;;;;;;;;;;;;;;;;;;;;;;;;;;;;;;;;;;;895;462;;;;2006-07-29;;attr_opt_attr_526;;;;;;;838;;;;;;;;;;;20;METER;;;;;332;;;;;;;;;;;;;;;;;;;;;;;;1;;;;;;;;;;
id-293;fam_35;;;;;;;;;;;;;;;;;;;;;1994-03-10;;;;;;;;;;;;;;;;;;;;;;;;;;;;;;306;589;;;618;262;;;;431;METER;;;;;;;;;;;;;;;1;93;;;;;;;;;;;;;;;;;;;;;;;;;;;;;;;;;;;;;;;;;0;;;;;;;;86;METER;
id-294;fam_42;;;;;;;;;;;;;;;;;;;;;;;"Similique qui quos omnis ipsum quibusdam assumenda.";;;;;;;"Blanditiis nihil est et dolore similique est.";;;;;;;;attr_opt_attr_09;attr_opt_attr_03;;;;;;;;;"Rerum eum quaerat sequi rerum tenetur.";;;;;;;844;350;;1977-12-29;1995-05-11;;;;;;;;;;;;;;;;;;;;;;;;;;;;;;;;;;;;;;;;;;;;;;;;;;;;;;;;;;;;;;;"Eligendi dolore porro perspiciatis est sed dolores illum exercitationem.";;;;883;METER;
id-295;fam_30;;;"Qui aut accusamus ipsa ipsam veritatis possimus.";;;;;;;;;attr_opt_attr_643;;;;;;;;;;;;;;;;;;;;;;;;;;;;attr_opt_attr_345;;;;;;;;;;attr_opt_attr_631;;;;;;;;;;;;;;;;;;;;;;;;;;;;;;;"Eum quis ipsa id quos dolorem laudantium.";;;;;;;;;;;;;;;;attr_opt_attr_211;attr_opt_attr_599;attr_opt_attr_594;;;;;attr_opt_attr_155;;;;;;;;1;0;;;;;;;;;;;;;;;
id-296;fam_38;;;;attr_opt_attr_64;;;;;;;;attr_opt_attr_649;;;;;;;;;;;;;;;;;;;845;METER;;;;;;;;;;attr_opt_attr_969;;;;;;;;;;;;;527;702;;;;;;;;;;;;;;;;;;;;;;;;;;;;;;;;393;METER;;;;;710;;;;;;;;;;;469;991;290;917;;;;;;965;METER;;;1;;;;;;;;469;METER;
id-297;fam_36;;;"Rem repudiandae eveniet suscipit cumque.";;;;;;;;;;;;;;"Est adipisci minima voluptate aut tenetur ex.";;;;;;;;;;;;;;;;;;;;;;;;;;1993-09-27;;;;"Accusamus non neque alias sint totam.";;;;;;;;;;;;;;;;;;;;;;;;;;;;;;;1974-07-18;2004-05-05;;;;;;;;;;;912;214;;;;;;;;;;0;;;;;;;;;;;;;;;;;;;;;;;;;;;
id-298;fam_39;;;;;;;;;;;;;;;;0;;;;;;;;;;"Dolorem libero suscipit sit voluptates quaerat enim.";;;;;;;;;2;;;;;;;;;;;;;;910;attr_opt_attr_630;;;;;;;0;;;;;;;;;;;;;;;;;;;;524;;;;;;;;;;;;;;;;;;976;METER;;;;;;;;;;;;;;;;0;1;;;;;;;;810;;;;;;;
id-299;fam_31;;;"Expedita vel eaque accusantium quia voluptatum autem sunt.";;;;;;;;;;;;;;;;;;;;;;;;;;;;;;;;;;;;;attr_opt_attr_347;;;;;;;;;;;;;;;;;0;;;;;;;;866;METER;;;;;;;;;;;;;;;;;;;;;;;;;;;;518;;;;;;;1;;;;;;;;;;;;;;;;;;;;;;;;;;;
id-300;fam_47;;;;;;;;;825;METER;;;;;;;;;;;;;;;;;;;;;;;;;622;;;;;;;;;;;;;;;attr_opt_attr_637;;;;;;;;;;;;;;;;;;;;;;attr_opt_attr_236;;;;0;;;;;;;451;;;;;;;;;;;;;;;;;;;;;;;;;;;;;;;829;METER;;;;;;;;;;;;;301
id-301;fam_20;;;;;;;;;716;METER;;;;;;;;;;;;;;;;;;;;;;;;;;;;;;;;;;;1989-05-25;;"Voluptatem voluptate consequatur est ducimus.";;;;;;;;;;;;;;;;;;;;;;;;;;;1983-05-28;;;;;;;;;;;;;;;;;;attr_opt_attr_490;"Voluptas illo tempora et quo.";790;;;;;;514;;;;;;;535;825;;;;;;;;;;;;;;;;;;;;
id-302;fam_25;;;;;;;141;716;335;METER;;;;;;;;;;;;;;;;;;;53;;;;817;228;;;;;;;;;1977-10-07;;;;;"Aut assumenda velit eligendi optio sed esse beatae.";;;;;;;;;;;;;;;857;634;;;;;"Architecto voluptates alias aut aut cupiditate corrupti.";;;;;;;;;;;;;;;;;;;;;;;;;;;;;attr_opt_attr_592;attr_opt_attr_594;;;;;;;;;;;;;;;;;;;1;;;;;;;;;;
id-303;fam_40;;;;;;;;;;;;attr_opt_attr_649;;;;;;;;18;;;;;;;;;;;;;;;;;;;;;;attr_opt_attr_963;;;;;;;;;;;;;;;;;;;;;;;;;;;;;;;;;;;;;;2006-06-30;;;;attr_opt_attr_560;;;;;;;;;"Suscipit fugit unde et occaecati sed placeat inventore.";;;;;;;;0;;;;;;;;;;;;;;;;;;;;;"Eius quidem possimus et sunt commodi aut labore.";;;;;;
id-304;fam_30;;;;;;;;;;;;;;;;;;;;;1976-10-01;;;;;;;;;;;;;;;;;attr_opt_attr_07;attr_opt_attr_03;;;;;;;;;"Aut inventore officiis perferendis dolore autem magni.";;attr_opt_attr_630;;;;;;;;;;634;METER;;;;;;;;;;;;;;;;;;;;;;730;;;;;;;805;212;;;;;;;;;;;;;;;;;;;;;;;;;;;;;;;;;;;;;
id-305;fam_24;;;;;;;;;;;;;;1;;;;;;;;;"Iusto qui aut est temporibus ex omnis.";;;;;;178;;;;;;;;;;;;;;;;;;;;;;889;713;;;465;74;;;;;;;;;;;;;;;;;;;;;;;;;;;;;;;;592;METER;;;;;;;;;;;877;;;;;;;;;;;;;;;;;;;;;;;;attr_opt_attr_911;;;;
id-306;fam_33;;;;;;;;;;;;attr_opt_attr_641;;;;;"Repudiandae ea facilis nemo nihil.";;;;;;;;;;;;;;;;;;;;;attr_opt_attr_00;attr_opt_attr_08;;;;;;;;;;;;;;;;;;;;;;;;;;;;;;;;;attr_opt_attr_235;;;;;;;;1983-09-17;;;;;;;;135;METER;;;;;;;;;;;512;;;;;;;;;;;;;;790;METER;;;;;;;;"Aliquid ratione ipsa modi iure hic voluptatem.";;;;;
id-307;fam_22;;;"Omnis dolorem vel voluptatem dolorem dicta vero.";;;;;;536;METER;;attr_opt_attr_640;;;;;;;;;;;;;;;;;;;;;;;;;;;;;;;;;;;;;;;;;;;;;;;;;;;;;;;;;;;;;;;"Libero ut ea amet nihil quaerat.";1;360;;;;;;;;;724;417;;;;;;;;999;METER;;;;;;;;;592;331;;;;;;;;332;METER;;;0;;;;;;;;;;
id-308;fam_32;;;;;;;;;;;;;;;0;;;;;;;;;;;;;;;;;;;;;;;;;;;;1971-02-15;;;0;;;;;;;;;;;;;;;;"Modi aut eius aliquid natus omnis suscipit omnis.";;;;;;;;;;;;;"Vel eos ut illum maxime reprehenderit.";1;;;;;;;;;;;;;;;;;"Consequatur voluptatum possimus delectus eaque fugit.";;;;;;;475;;;;;;;;;;;;1;0;;;;;;;;;;;;;857;METER;
id-309;fam_39;;;;;;;391;301;831;METER;;;;;1;;;;;;;;;;;;;;;;;;;;;;;;;;;;;;;;;;;attr_opt_attr_630;;;;;;;;1974-09-01;2013-03-29;;;;;;;;;;;;;attr_opt_attr_238;;;"Ut et quisquam rerum fugit a.";;835;;;;;;;;;;;;;;;;;;;;;attr_opt_attr_597;attr_opt_attr_594;;;;;;;;;;;;;;;;;;;;;;;;;;;;;
id-310;fam_33;;;;;1;;;;;;;;;;;;;;;;;;;;;;;;;;;;;;;;;attr_opt_attr_06;attr_opt_attr_08;;;;;;;;;;;;;;;;;;;;;;;"Delectus illo iste voluptate et incidunt.";;;;;;;;;;;;;;;;;;;"Ratione a sed omnis architecto.";;;;;;;852;METER;;;;;237;;;;;;;;1;0;;;;;;;;;;;;;"Quo nulla perferendis labore sed.";;;;;;;;;;;;
id-311;fam_34;;;;;;;;;;;;;;;;;;;;;;;;;;;;;;;;;;;;;;attr_opt_attr_05;attr_opt_attr_01;;;;;;;;;;120;;;;;;;;;;;;;;;;719;METER;;;;attr_opt_attr_527;;;;;;;;2009-05-24;1984-03-09;;;;;;;;;;;;;;;;;;;;;;;;;;863;371;;;;;;;;;;;;;;;372;;;;;;;92
id-312;fam_22;;;;;;;;;306;METER;;;;;1;;;;;346;;;;;;;;;;;;;;;54;;;;;;;;1983-08-20;;;;;;;;607;336;;;;;;;;;;;105;388;;;;;;;;;;;;;;;;;;;;;;;;309;METER;;;;;;;;;;;;;;;;980;299;;;;;;;;;;;;;;;;;"Et libero facere mollitia eos culpa.";;;970;METER;
id-313;fam_32;;;;;;;;;;;;;;;0;;;"Sapiente minima dicta reiciendis sunt nulla.";"Dignissimos qui quo dolore rem explicabo alias.";;;;;;;;;;;;;;;;;;;;;;;;2008-12-16;;;;;;693;;;;;;991;792;;;;;;"Dicta molestias vitae quia non.";;;;;;;;;;;;;;;;;;;;;;attr_opt_attr_569;;;;;;;;;;;;;;attr_opt_attr_590;attr_opt_attr_594;;;0;0;;;;247;856;;;;;;;;;;;;;;;;;;;;
id-314;fam_31;;;;;;;;;;;;;;;;;;;;;;;;;;;;;;;;;;;;;;;;;;;;;;;;;;;;;;;;;;;;;;;;;;;;;"Odio non voluptatibus suscipit veritatis quidem tempora qui.";attr_opt_attr_527;;;;1981-08-05;;;;;;;;;;;;;;477;METER;845;792;;;;857;METER;;;;;1;;;;;;;;;;;;;;;;;0;;;;;;;;;;
id-315;fam_40;;;"Laborum molestiae cum non pariatur aliquid rerum.";;;;;;;;;;;;;;;;;;;;;;;;;;;;664;METER;;;;;;;;;;;1980-05-25;;;;;;;;;;;;952;785;;;;695;METER;;;;;;;;;;;;;;;;;;;;;;;;;;;;;;;;;;;;;;;;;;;;;;;;;;;;;734;METER;;;;;;;;;;;;;
id-316;fam_41;;;"Tempora ut atque sit temporibus eos enim.";;;;;;;;;attr_opt_attr_648;;;;;;;;;2003-05-20;;;;;;;;;;;;;;;;;;;attr_opt_attr_346;;;;;;;;;;;;;;;;;;;;;;;;;;;;;;;;attr_opt_attr_235;;;;0;;;;;;;;;;;;;;;;;;4;;;;attr_opt_attr_594;attr_opt_attr_596;;;1;1;;;;;;;;;;;;;;;;;;;;;;;;;564
id-317;fam_15;;;;attr_opt_attr_60;;;;;;;;;;;;;;;;;;;;;;;;;;;;;;;;;;;;;;;1998-09-01;;;;;;;;;;;;;;;;;527;METER;;;;;;;;;;;;;;;;567;;;;;;84;;;;;;;;;;;;;;attr_opt_attr_212;;;;;;;;;;;;;;;;;;;;;1;;;;;;;;;;
id-318;fam_41;;;"Modi aspernatur quos voluptas ut laudantium harum non nulla.";;;;;;643;METER;;attr_opt_attr_649;;;1;;;;;;;;"Minima provident aspernatur molestias et tempore.";;;;;;;;;;;;;;;;;;;;1999-08-07;;;;;;;;;;;;;;;;;;;;;;;;;;;;;;;;;;;;;;;;;;;;;;;;;attr_opt_attr_497;"Veritatis et nihil aut expedita maiores distinctio.";;472;METER;;attr_opt_attr_599;attr_opt_attr_598;;;;;;;;;;;;;;;;;;;;;;;;;;;;;
id-319;fam_24;;;;;;;;;;;;;;;;;;;;;;;"Qui cupiditate a magnam unde.";;;;;;;;;;;;;;;;;;;;;;;;;"Omnis id provident possimus facilis dolore.";;;;;;;607;216;;2004-02-13;1996-12-19;;;;;;;;;;;;;;;;"Sit maiores iure pariatur delectus quia unde aspernatur.";;;;;;;;;;;;;887;METER;;;;;;;;;;;696;;;;;;;;;2009-07-25;;;;;;;;;;;;;;;;;;;
id-320;fam_24;;;;;;;;;;;;attr_opt_attr_649;;1;;;;;;;;;;;;;;;193;;;;;;;;;;;;;;;;;;;;;;50;926;;;341;384;;;;91;METER;;;;;;;;"Corporis id magni molestiae.";;;;;;"Aut quam repudiandae molestiae enim.";;;;;;;;671;;;;;;;;;;;;;;;;;;1;;;;;;;;;;;;;;;;;;;;;;;;;;;
id-321;fam_19;;;"Error qui qui explicabo ipsam assumenda totam veritatis.";;;;;;;;;;;;;;;;;;;;;;;;;;785;;;;;;749;;;;;;;;;;;;"Non nemo voluptatum commodi adipisci et eligendi voluptatem.";;;;;;;;;;;;;;;;;;;;;;"Eius ut possimus repellat harum quae eum consequuntur.";;;;;;;;609;;;;"Fugiat id non quisquam et qui.";;;;;;;;;;;attr_opt_attr_496;;;;;;;;;;;;;;;;;;;;;;;;;;;692;METER;;;;;;;;
id-322;fam_13;;;;;;;;;;;;attr_opt_attr_645;;;;;;"Id porro omnis ad ea sit.";"Earum voluptatem et explicabo ea occaecati facere excepturi.";;;;;;;;;;;;;;;;;;;;;;attr_opt_attr_257;;;;;;;;;;;;;;;;;;;;;;;;;;2000-11-21;;;;;;;;;;;1990-08-13;1992-12-02;;;;;;;;;;;;;;;389;811;METER;;;;;;0;0;;;;;;;;;;;;;"Ut aut inventore aspernatur et.";;;;;606;;;;;;;
id-323;fam_18;;;;;;;;;;;;;;;;;;;;813;;;;;;;;;;;;;;;;;;;;attr_opt_attr_347;;;;;;1;;;;;;;;;;;;1975-09-15;2002-02-28;;;"Voluptates earum temporibus nihil sit et accusantium incidunt vitae.";;;;;;;;;;;;;;;;;;;;;;;;;;;;;;;;;;;attr_opt_attr_216;;;;;;;attr_opt_attr_154;100;185;;;1992-07-30;;;;;;;;;;;;;;;;;;;
id-324;fam_34;;;"Et molestiae quo consequatur eos minus.";;1;;;;;;;;;1;;;;"Suscipit iure repudiandae doloribus molestiae earum molestiae maiores.";"Labore quisquam qui dolor unde deserunt.";;;;;;;;;;;;;;;;;;;;;attr_opt_attr_343;;;;;;;;;;;;;;;;;0;;;534;METER;;;;;;;;;attr_opt_attr_523;;;;;;;;;;;"Consequatur omnis dolorem sed ea repellat.";;;;;;;418;METER;;;attr_opt_attr_493;"Odio necessitatibus molestiae quisquam.";;;;;;;;;;;;;;;;;;;;;;;;;;;;;;;;;;;
id-325;fam_18;;;;;;;;;;;;attr_opt_attr_645;;;;;"Hic officia enim dolores quibusdam.";;;;;;;;;;;;;;;;;;;;;attr_opt_attr_02;attr_opt_attr_05;;;;;;1975-08-09;1;;;;;;;;;;;1;;;;;;;;;;;;;;;;;;;;;;;;;;;;;;;;;;;;;;;;attr_opt_attr_218;;;;;0;1;attr_opt_attr_154;;;399;918;;;;;;;;;;1;;;;;;;;;;
id-326;fam_42;;;;;;;735;242;;;;;;;;;;;;;;;;;;;;;;;;;;;;;;;;;;;;;;;;;;attr_opt_attr_633;;;;;;;;;;;;;;;819;METER;2009-08-11;;;;;;;;;;;;;;;;;;;;;;;;;;;572;;;;;;;;;;attr_opt_attr_151;;;;;;;;;;;;;;1;;;;;;;0;;;
id-327;fam_19;;;;;;;;;;;;attr_opt_attr_649;;;;;;;;;;;;;;;;;336;;;;;;;;;;;;;;;;;;;;;;441;226;;;;;;;;;;;313;482;;;;;;;;;;;"Porro itaque perferendis nobis cupiditate veniam.";;;;;;"Fuga aliquam corporis reprehenderit iure.";;;;;;;;;;;;"Aut nihil laborum et alias esse nam repellat.";;;;;;;;;;;;;;;;;;;;;;;;;;;;;;;;;;;
id-328;fam_29;;;;;;;;;;;;;;0;;;;;;;;;;;;;;;;;;;;;;;;;;;;;;;;1;;;;;;;;;;;;;;;;;;;203;METER;;;;;;attr_opt_attr_232;;;;;;;;;;;;;;;;;;;;;;;;;;;;;;;;;454;425;;;;;;;;;;;;1;;;;;;;;;;
id-329;fam_37;;;;;;;;;;;;;;;;;;;;;;;"Qui sed modi dolores iusto necessitatibus nisi.";;;;;;;"Sint non est architecto ad doloremque maiores commodi.";;;;;669;;;attr_opt_attr_08;attr_opt_attr_05;;attr_opt_attr_250;attr_opt_attr_967;;;;;;;;;;;;;;;;;;;;;;;;;;;;;;;;;;;;;;;;;;;;;;222;METER;;;;;;;;;;;;0;1;1;;768;32;;;;;;;;;;;;;;;;;;;;;;
id-330;fam_34;;;;;1;;;;;;;;;;;;;"Officiis non eos nemo eos id deleniti.";"Quia ipsa sunt iste officia a consequuntur sed.";46;;;;;;;;;;;;;;;;;;;;attr_opt_attr_345;;;;;;;;;579;;;;;;;;;;;;;;;;63;METER;;;;;;;;;;;;;;;"Quis harum optio et aut tempore.";;;;;;;323;METER;;;;;;;;;;;;;;;attr_opt_attr_155;;;;;;;;;;;;;;;;;513;;;;;;;
id-331;fam_31;;;;;;;;;;;;;;;;;;;;;;;;;;"Sunt dolores dicta et sed molestiae.";;;;;;;;;325;;;;;;;;;;;;;;;;;;;;;;;2015-03-22;1979-11-19;;;;;;;;;;"Velit architecto quasi corporis ipsa ut et consequatur.";;;;;2004-04-24;;;;1997-04-09;2014-09-02;;;;;;;;;;;;;;"Suscipit animi quia rerum in qui et laborum eius.";231;;;;;;;;;;;;;;;;;;;;;;;;;;;;;;;;;;
id-332;fam_41;;;;;;;;;;;;;;;0;;;;;;1981-12-15;;;;;;;;;;;;292;150;;;;;;;;;;;;;;;;;;;;;;;;1987-02-04;2003-12-10;;;;;;;;;;;;;;;;;;;;;;"Culpa qui et sint qui rerum iste.";;;;;;;;;;;;;;;;;;;174;;;;;;;;;;;;;;;;;;;;;;"Necessitatibus laborum sit possimus et consectetur.";;;;;;
id-333;fam_38;;;"Ullam vel accusantium dolor voluptas occaecati.";attr_opt_attr_61;;;;;;;;;;;;;;;;;;;;;;;;;977;;484;METER;;;;;;;;;;;;;;;;;;;;;;;;;;;;;;;;;478;METER;;;;attr_opt_attr_526;;;;;;;;;;;;;;;;;;;;;;;;;;;;;;;;;;;156;474;264;110;;;;;;;;;;;;;;;;;;;;
id-334;fam_35;;;;;;;;;875;METER;;;;;;;;;;;;;;;;;;;;;;;;;740;;;;;attr_opt_attr_345;;;2003-04-16;;;;;;;;;;;;633;319;;;;;;;;;;;1985-08-22;;"Nam ipsum rerum dolores reprehenderit eius.";;;;;;;;933;;;;;;;attr_opt_attr_560;;;;;;;;;;;;;;;;;;;;;;;;;;;;;;;;;;0;;;;;;;;;;
id-335;fam_49;;;;;;;;;;;;;;;;;;"Perferendis voluptates nihil non praesentium accusamus aperiam voluptatem.";"Qui vel explicabo dolor minus.";;;;;;;;;;;;;;;;;;;;;;attr_opt_attr_253;;;;;;;;;;;;;;;;;;;;;;;;;;;;;;;;;1998-09-02;;;;;;;"Id eaque porro sunt quia.";;;;;;;;;;;;"Quia magni veritatis temporibus voluptate.";;;;attr_opt_attr_215;;;196;0;;;;;;;;;;;1;1;;;;;;;;427;;;;;;;
id-336;fam_31;;;;;;;;;;;;;;;;;"Et ex velit non sunt.";;;;;;;;;;;;;;;;;;;;;;;attr_opt_attr_343;;;;;;;"Ullam asperiores cumque maiores.";;;;;;;;353;783;;;;;;;;;821;METER;;;;;;;;1995-02-24;;;;1996-11-08;2007-10-30;;;;;;;;;;;;;attr_opt_attr_499;;;;;;;;;;;;;;;;;;;;;;;;;;;;;;;;;;;;
id-337;fam_14;;;;;;;516;460;;;;;;;;;;;;;;;;;;;;;;;;;;;;;;;;;attr_opt_attr_255;;;;;;;;;attr_opt_attr_632;;;;;431;952;;;;;;;;;;;;;;;;;;;;;;;;;;;;;;;;;;;;;"Repellat enim aut perferendis.";;;;;;;;;;;;;;;;;;;;;893;METER;;;;;;;;;;;;;
id-338;fam_31;;;;;;;195;369;;;;;;;;;;;;;;;;;;;;;;;;;;;;;;attr_opt_attr_02;attr_opt_attr_06;;;;;;;;;;;;;;;;;;;;;;;;668;17;;;;;"Non quibusdam ab est.";;;;;;;;281;;;;;;;;;;;;;;;attr_opt_attr_492;;;;;;;;;;;;;;;;;;;;;;;;;;;;;;;;;;;;
id-339;fam_10;;;"Magnam dolores accusantium impedit eaque nihil et aperiam veritatis.";;;;;;;;;;;;;;;;;439;;;"Eum eius voluptatibus repudiandae veritatis.";;;;;;;;;;;;;;;;;;;;;;;;;;;;;;;;;;;;;;;;;;;;;;;;;attr_opt_attr_231;;;;;;;;;;;;;;;;;;;;;;;;;;;;;;;;;;;;;1981-06-17;;;;;;;;;;;;;;;;;;;
id-340;fam_17;;;;;;;;;;;;;;;;;;;;;;;;;;;;;;;;;967;607;;;;;;;;;;;;1;"Impedit sapiente in occaecati assumenda occaecati qui dolorum.";;;;;;;;;;;;;;;;;;;;;;;;;;;;;;;;;;;;;attr_opt_attr_565;;;;;;;;;"Hic fugit ea sed aspernatur distinctio aperiam quam.";;;;;;;;1;;;;671;685;;;;;;;;;;"Nihil autem hic dolores et.";;0;;;;;;;;;;
id-341;fam_18;;;;;;;;;;;;;;;;;;;;;;;;;;;;;;"Aut doloribus id voluptas ducimus.";;;;;;;;;;attr_opt_attr_345;;;;;;;;;;;;;;;;;1;;;;;;;;;;;;;;;;;;;;;;;;"Earum voluptate iusto illum illum at.";;;;;;;;;;;;;;;;;;;;;0;0;attr_opt_attr_151;;;207;706;;;;;;;;;;;;;;;;;;;;106
id-342;fam_27;;;;;;;;;;;;;;;;;;;;;;;;;;;;;;"Enim enim amet provident pariatur quis sit enim.";;;;;;;;attr_opt_attr_05;attr_opt_attr_08;;;attr_opt_attr_967;;;;;"Cum itaque dolor earum molestias illo iure.";;717;;;;;;964;616;1;;;;;;;;;;;;;;;;;;;;;2008-12-23;2007-02-11;;;;;;;;;;;;;;;;;;;;;;;;;;;;;;;;;;;;;;;;;;;;;;;;;
id-343;fam_5;;;;;;;;;;;;;;;;;"Ad quis veritatis eveniet impedit illo.";;;;;;;;;;;;146;;;;;;;;;;;attr_opt_attr_342;;;;;;;;;;;;;;;;;;;;;;;941;367;;;;;;attr_opt_attr_525;;;;;;;;;;;;;;;;;;;;;;;;;;;;;;;;;;attr_opt_attr_156;;;;;;;;;;937;METER;;;;;;;;;;;;;
id-344;fam_41;;;;attr_opt_attr_63;;;;;;;;;;;;;;;;383;;;;;;;;;;;;;;;;;;;;;;;;;;;;;;;;;;;573;824;;;;;;;;;;;;;;;;attr_opt_attr_235;;;;;;;;;"Atque sint id consequatur culpa quasi.";;;;;;;;;178;45;;;;549;METER;attr_opt_attr_217;;;;;;;;;;;;;;;;;;;;;;;;;;;attr_opt_attr_916;;596;METER;
id-345;fam_44;;;;;;;;;;;;;;0;;;"Impedit aliquam error sunt consequatur suscipit quam.";;;;;;;;;;;;;;;;;;;;;;;attr_opt_attr_345;;;;;;;;;;;439;539;;;;;;;;;;;;;716;METER;1995-12-17;1975-03-20;;;;;;;;;;;;;;;;;;;;;;;;;"Dolorem accusamus voluptatem illum assumenda voluptatum.";;;;;;;;;;;;;;;;;;;;;;;;;;;;;;;;1;;;
id-346;fam_47;;;;attr_opt_attr_64;;;;;;;;;;1;;;;;;;;;;;;;;;;;;;929;50;;;;;;;;;;;;;;;274;;;;;;;;;;;;;;;;553;METER;1988-09-29;;;;;;;;;;;;;;;;736;;;;;;;;;;;;;;;;;;;;;;;;;;;;;;;163;METER;;;;;;;;;;;;;
id-347;fam_8;;;;;;;;;;;;;;;1;;;;;;;;;;;;;;;;907;METER;;;;;;attr_opt_attr_00;attr_opt_attr_06;;;;;;;;;;;;98;55;;;;;;;;;;;;;72;METER;;;;;;;;;;0;;;;;;;;;;;;;;;;attr_opt_attr_498;;;;;;attr_opt_attr_590;attr_opt_attr_598;;;;;attr_opt_attr_152;;;;;;;;;;;;;;;;;;;;;;;;
id-348;fam_17;;;;;;;;;;;;;;;;0;;;;;;;;;;;;;;;;;;;;;;;;attr_opt_attr_340;;;;;;;"Dolor animi sunt tempora quam.";;716;;;;;;;;;;;;;;;;;;;;;;;;;1977-08-01;;;;;;;;;;;;;;;;;;;;98;867;METER;;;;;;;;;988;428;;;;;;;;;;;;1;;;;;;;;;;
id-349;fam_11;;;"Praesentium et labore cupiditate voluptatem sint sit blanditiis quasi.";;;;;;;;;;;;;;;;;350;;;;;;;;;;;;;;;;;;;;;;attr_opt_attr_966;;;1981-01-13;;;;;;;;;;;;;;;;;;;;;;;;;;;;;;;;;;;;"Aspernatur quasi illum cumque id est.";;;;;466;638;;;;;attr_opt_attr_497;"Ut cumque atque ut corrupti magnam.";;;;;;;;;;;;;;;;;;;;;;;;;;;;308;;;;;;;155
id-350;fam_10;;;;;;;;;;;;;;;;;;"Et velit aliquid provident ut.";"Reprehenderit laudantium esse et est inventore.";;;;;;;;;;;"Illo nostrum ea ducimus nemo perspiciatis tenetur ipsum earum.";;;;;;;;;;;attr_opt_attr_258;;2010-11-15;;;0;;;;;;;;;;;;;;;;;;;;;1991-10-12;;;;;;;;;;;;;;;;;;;;;;;;;;;579;;;;;;;;;;;;;;;;;;;;;;;;;;;252;;;;;;;
id-351;fam_32;;;;;;;;;;;;;;0;;;"Atque natus provident eos aut.";;;;;;;;;;;;;;;;;;;;;;;attr_opt_attr_340;;;;;;;;;117;;;;;;;;;;;;;"Dolor iste ab debitis.";;;;;;;"Ea adipisci dolorem eum architecto quia.";;;;;;;;;;;;;;;attr_opt_attr_568;;;;;;;;;"Reprehenderit quam exercitationem voluptates voluptas reiciendis.";;;;;;;;;;;;233;302;748;410;;;;1;1;;;;;;;;;;;;;;;
id-352;fam_28;;;;;;;;;744;METER;;;;;;;;;;634;;;;;;;;;;;;;;;;;;;;;attr_opt_attr_258;;;;;;;;;;682;468;;;;;;;;;;;;;;;2013-09-29;;;;;;;;;;;;;;;;;;;;;;;;;;;724;;;;;;;;;;;;;;;;;;;;;;;;;;;;;;;;;;
id-353;fam_16;;;;;;;;;;;;;;;;;;;;;1980-01-12;;;;;;;;94;"Quia sunt ut doloremque excepturi.";;;;;;;;;;;;;;;;;;;;;;;;;;;;1975-01-07;1987-03-11;;;;;;;;;1984-04-09;;;;attr_opt_attr_237;;;;;;1997-02-12;1977-04-12;;;;;;;;;;;;;;;;147;METER;attr_opt_attr_217;;;;;;;;;;;;;;;;;;;;;1;;;;;;;;;;
id-354;fam_32;;;;;;;;;;;;;;;;0;;;;;;;;;;"Laudantium sed ut dolorum inventore eveniet.";;;;;;;;;;;;attr_opt_attr_07;attr_opt_attr_05;;;;;;;;;;673;;;;;;;;;;;;;;;;;;;;;attr_opt_attr_529;;;;;"Beatae quo eos expedita sit quasi.";;;;;;;;;;;;;;;;;;;;;;;attr_opt_attr_590;attr_opt_attr_592;249;;;;;;;187;776;;;;;;;;;;;;;;;;;;;;
id-355;fam_2;;;"Velit tenetur provident omnis consectetur omnis.";;;;;;;;;;;;;;;;;;;;;;;;;;;;;;;;;;;;;;;;;;;;;;;;;;;;893;752;;;;;;;;;;;;;;;;attr_opt_attr_233;;;;;;;;;;;;;;;;;;70;820;;;;;;;;;935;;;;;552;183;;;1970-05-05;;;;;;;;;;;;;;"Molestiae illo perferendis qui nihil perspiciatis deserunt.";;;;;
id-356;fam_18;;;;;;;;;;;;attr_opt_attr_640;;;1;;;;;;;;;;;;;;;;;;;;;;;;;;;;;;2006-10-17;;;;;;;;;;;;;;;;;;;;;;;;;;;;;;;;;;;;;;;;;;;600;METER;;;;;;;;;;;;;1;0;attr_opt_attr_151;;;;;;;;;;;;;;;;;;;;;;;;550
id-357;fam_44;;;;;;;;;;;;;;;;1;;;;;;;;;;;;;;"Dolorum iste necessitatibus ipsa sint ea.";;;;;;;;;;attr_opt_attr_345;;;;;;;;;;attr_opt_attr_635;;;;;;;;1974-05-26;1986-10-03;;;;;;;;2005-04-21;;;;;;;;;;;;;;;;;;;;;;;;;attr_opt_attr_498;;;;;;;;;;;;;899;381;;;;;;;;;;;;;;;;;;;;;;
id-358;fam_13;;;"Aliquam rem tenetur voluptatum eum.";;;;;;;;;;;;1;;;"Porro enim possimus perspiciatis nisi deserunt vel voluptas.";"Sed quidem voluptas et qui et consequuntur repellendus.";;;;;;;;;;;;;;;;;;;;;;;;;;;;;;;;;;;;707;941;;;;;;"Qui aliquam explicabo qui est.";407;366;;;;1980-07-15;;;;;;;"Voluptatem ullam minima quibusdam neque rerum.";;244;;;;;;;;;;;;;;;;;;;;;;;;;1;0;;;;;;;;;;;;;;;;;;;;;;;;;
id-359;fam_15;;;;;;;;;;;;;;;;;;;;502;;;;;;;;;;"Ipsam quibusdam debitis et nesciunt vel.";;;;;;;;;;;;;;;1996-04-18;1;;;;;;;;;659;155;;;;;;;;;;;;;;attr_opt_attr_527;;;;;;;;;;;;;;;;122;249;;;;;;;;;;attr_opt_attr_219;;;;;;;;;;;;;;;;;;;;;0;;;;;;;;;;
id-360;fam_36;;;;;;;;;;;;;;;;;;;;;;;;;;;;;;;;;;;;;;;;;;;;;;;"Explicabo voluptatum vel non est velit deleniti cupiditate.";;;;;;;;;;;;;;;;;;251;METER;;;;;;;;;;;;;;;;;;;;;;;;;;attr_opt_attr_496;;;;;;;;;;;;;;;;;;;;0;1;;;"Ea molestias optio excepturi doloremque eos numquam.";;;;;188;;;attr_opt_attr_912;;;;
id-361;fam_25;;;;;;;189;775;325;METER;;;;;1;;;;;;;;;;;;;;872;;;;;;;;;;;;attr_opt_attr_256;;;;;;;;;;;;;;;;0;;;;;;;;;;;;;;;;;;;;;;;;;;;;;393;290;;;;;;;;;;;;;;;;;;;;;;;;;0;0;;;;;;;;;;;;;;;
id-362;fam_9;;;;;;;;;;;;;;;;;;;;;;;;;;;;;;;481;METER;;;;;;attr_opt_attr_01;attr_opt_attr_09;;;;2005-02-13;;;0;;;;;;;;;;;;;;;;;;;;;;;;attr_opt_attr_525;;;;;;1;;;;;;;;;;;;;;;;;"Et ipsum pariatur omnis et tempore temporibus.";;62;METER;;;;;;;;;;;;;;;;;;;;;;;;;77;;;;;;;
id-363;fam_1;;;;attr_opt_attr_67;1;;;;;;;;;;;;;;;678;;;;;;;;;;;;;191;291;;;;;;;;;;;;;;;;;;;;;;;;;;;;;;;;;;1979-09-11;;attr_opt_attr_520;;;;;;;;;;;;;;;;;;;;;;;;;;;attr_opt_attr_219;attr_opt_attr_593;attr_opt_attr_598;;;;;;;;;;;;;1;0;;;;;;;;;;;;;;;
id-364;fam_29;;;;;;;;;;;;;;;;;;;;;;;;;;;;;;;;;;;;;;;;;;;;;;;"Libero aliquid est quo.";;;;;;;;;;;;;;;;;;944;METER;;;;;;;;;;;;;;;"Voluptatibus sunt ut eligendi mollitia rerum aperiam hic deserunt.";;;;;;;;;;;;;;658;METER;;attr_opt_attr_595;attr_opt_attr_599;;1;0;0;;62;397;;;;;;;;;;;;;;;;;"Nemo maxime ex soluta voluptatem doloribus qui voluptas eveniet.";;;;;
id-365;fam_46;;;;;;;;;;;;;;;;;"Voluptatibus nobis incidunt maiores voluptatem.";;;;;;;;;"Beatae illo earum magnam aut.";;;;;;;453;87;;;;;;;;;;;;1;;;;;93;766;;;;;;;;;;;;;;;;;"Earum blanditiis voluptas ea doloribus at qui repudiandae eos.";;;;;;;;;;;;;;;;;;;;;;;;;504;;;attr_opt_attr_212;;;622;;;;attr_opt_attr_152;;;;;;;;;;;;;;;;;;;;;;;;
id-366;fam_0;;;;;;;196;244;;;;;;;;;;;;;;;;;;;;;;;;;;;;;;attr_opt_attr_05;attr_opt_attr_06;;;;;;1993-10-12;;;;;;;;;;;;;;;;;;;;;;;;;;;;;;;0;580;;;;;;;;;674;79;;;;;;;;;;;;;;;;;;;;;;;;;1;1;;;;;;;;;"Nam nemo nobis est sunt magnam.";;;;;;
id-367;fam_1;;;;;;;;;;;;attr_opt_attr_647;;;;;;;;;;;;;;;;;;"Deserunt occaecati animi voluptate amet esse.";;;;;;;;;;;;;;;;;;"Quidem eveniet reprehenderit earum repellendus.";;;;;;;;;;;;162;METER;;;;;;;;;;;;;;;;;;;;;;;;;;;;;;;;;;;;;;;;;;;;729;140;;;;;;1;1;;;;;;;;;;;;;;;
id-368;fam_29;;;;;;;;;895;METER;;;;;;;;;;;;;;;;;;;;"Omnis et maxime reiciendis et quibusdam quo.";559;METER;;;;;;;;;;;;;;0;;;;;;;;;;;;;;;;;;;513;METER;;;;;;;;;;;;;;;;;;;;;;;;;;;;;;;;;;;;;;;748;681;;;;;;1;1;;;;;;;;;;;;;;;
id-369;fam_43;;;;;0;;;;;;;;;;;;;;;;;;;;;;;;;;;;;;;;;;;;;;;;2010-12-02;;;;908;;;;;;;;;;;;;;;;;;;;;;;;;;;;;;;;;;9;;;;;129;METER;;;;;;;;;;;;;;;;;;;;;;;;;;;;;;;;;;;;0;407;METER;
id-370;fam_24;;;;;;;;;;;;attr_opt_attr_648;;;;;"Voluptatem quia ipsam ducimus doloribus qui.";;;;;;;;;;;;884;;726;METER;;;;;;;;;;;;;;;;;;;122;313;;;;;;2009-06-05;2007-09-04;;;;;;;;;;;;;;;;"Quos adipisci quas voluptates nam occaecati provident maxime et.";;;;;;"Voluptatibus et neque dolor cum.";;816;;;;;;;;;;;;;;;;;;;;;;;;;;;;;;;;;;;;;;;;;;;;;
id-371;fam_10;;;"Veritatis aut qui eius odio assumenda voluptatibus vel.";;;;;;;;;;;;;;;"Suscipit cumque commodi et atque.";"Ullam repellat consequuntur eum aspernatur.";;;;"Ad a error sed repellat ea.";;;;;;;"Qui qui eos est voluptate blanditiis.";;;;;;;;;;;attr_opt_attr_255;;;;;;;;;;;;;;;;;;;;;;;;;;;;;;;attr_opt_attr_233;;;;;;;;;;;;;;;;;;;;;;;466;METER;;;;;;;;;;;;;;;;;;;;;;;;;;;;attr_opt_attr_914;;487;METER;
id-372;fam_23;;;"Ipsum natus non consequatur consequatur ea porro.";;;;;;;;;attr_opt_attr_643;;;;;;;;;;;;;;;;;;;;;;;;;;;;;;;;;;;;;;;;;;;;;;;;;;;53;433;;;;;;;;;;;;;;;;;;;;;;;;;;;;;;;;;;attr_opt_attr_597;attr_opt_attr_596;;;;;attr_opt_attr_154;;;;;;;;;;;;;;;;;;"Qui explicabo nisi quam dolores.";;;;312;METER;
id-373;fam_46;;;;;0;;;;;;;;;;;;"Animi dolore consequatur eos itaque veritatis.";;;;;;;;;;;;;;;;90;211;;;;;;;;;;;;;;;;;;;;;;;;;;;;;;;;;2013-08-30;;"Omnis omnis numquam fugit.";;;;;1987-12-12;"Beatae inventore dolores eum unde saepe.";;;;;;;;;attr_opt_attr_569;;;;;;;;;;;;;;;;;0;;;;;;;;;;;;;;;;;;;;;;;;;;;460
id-374;fam_41;;;;;;;;;;;;;;;;;;;;;;;;;;;;;;"Non consequuntur fuga at ea eos quis.";;;;;;;;;;;;attr_opt_attr_960;;;;;;;;;;;;;895;338;;;;;;;;;;;;;;;;;;;;0;;;;;;;;;;;;;;813;120;;;;;;;;;;;;;;;;;;;;;;;;;;;;;;;"Velit ut numquam ad voluptates asperiores vel cupiditate reprehenderit.";;;;656;METER;
id-375;fam_23;;;;;;;;;;;;;;;;;;"Qui accusantium nostrum voluptate tempore.";"Rerum aut et minima.";;;;;;;;;;;"Dolore at quas expedita iusto.";;;;;;;;;;;;attr_opt_attr_962;;;;0;;;;;;;;;;;1;;;;;"Quis amet quos est.";;;;;;;"Consequatur quod sapiente sed molestiae et molestias adipisci.";attr_opt_attr_527;;;;;;;;;;;"Commodi qui sit repellat totam ea.";;;attr_opt_attr_564;;;;;;;;;;;;;;attr_opt_attr_596;attr_opt_attr_590;;;;;;;;;;;;;;;;;;;;;;;;;;;;;
id-376;fam_22;;;"Dolor error voluptatem et sapiente maxime.";;;;;;;;;;;;;;;;;69;;;;;;;;;;;;;;;;;;;;;;;;;;;"Omnis omnis magni facilis dolorem sint dolorem rerum.";;;;800;375;;;;;;;;;;;69;915;;;;;;;;;;;"Vel dolores dolorum labore tenetur tempore quae.";;;;;;;;887;attr_opt_attr_562;;;;342;METER;;;;;;;;;;;;;;;;;;;;;;;0;0;;;;;;;;;;;;1;;;
id-377;fam_1;;;"Sed quidem possimus officiis qui recusandae doloribus officiis.";;;;;;404;METER;;attr_opt_attr_644;;;;;;;;;;;;;;;;;;;;;;;;;;;;;;;;;;;;;;;;;;;131;962;;;;;;;;;;;;;;;;;;;;;;;;1995-02-06;;;;;;;;;;;;attr_opt_attr_492;;12;;;;;;;;;;;;;;;;;;;;;;;;;469;METER;;;;;;;;
id-378;fam_11;;;;;;;;;534;METER;;;;;;;;;;;;;;;;;;;;;;;;;;;;;;;;attr_opt_attr_966;;;;;;;;;;;;;;;;;;;;;;;;;;;;;;;;;;;;;;;;;;attr_opt_attr_560;;190;698;;;;;;;;;;;;;;;1;1;;;;;;;;;;;;;;;;;;268;;;;;;;
id-379;fam_23;;;;;;;;;;;;attr_opt_attr_649;;;;;;;;;;;;;;;;;;;;;;;;;;;;attr_opt_attr_348;;;;;1983-08-24;1;;;;;;;;;;;;;;205;METER;;;;;;;;;;;;;;;;;;;;;;;;;;;;;;;;;;;;;;;;;;;;;;;;;;;;;;;;;;;;;;;;;362;METER;
id-380;fam_18;;;;;;;;;;;;attr_opt_attr_644;;;;;;;;;;;;;;;;;;"Aut nobis eos aut rerum sequi tempore.";;;;;;;;;;;attr_opt_attr_257;;;;1972-04-25;;;;;;;;;;;;;;;;;;;;;;;;;;;;;;;;;;;;;;;;;;;;;;;;;;;;;;;;;;;attr_opt_attr_155;;;;;1971-12-10;;;;;;;;;1;;;;;;;;;;
id-381;fam_12;;;;;;;;;791;METER;;;;;;;;;;432;;;;;;;;;;;;;;;655;;;;;;;;;;;;;;631;;;;;;;;;;;;;;;;;;;2007-03-09;;;;;;;;;;;;;;;;;;;;;;;;;;;;;;;;;;;;attr_opt_attr_151;;;426;388;;;;;;518;METER;;;;;;;;;;;;;
id-382;fam_47;;;;;;;;;;;;;;1;;1;;;;;1973-11-27;;;;;;;;;;;;311;535;;;;;;;;;;;;;;;;;;;;;;;;;;;;;;;;;2007-05-28;;;;;;;;;;;1989-09-30;2007-02-15;;;;;;;;;;;;;;;;;;;;;;;;;;;;;;;;;;;;;;;;;;;;;;;;;
id-383;fam_45;;;;attr_opt_attr_64;;;;;;;;;;;;0;;;;;2014-10-06;;;;;;;;;;741;METER;44;833;;;;;;;attr_opt_attr_257;;;;;;;;;;;;;;332;793;;;;;;;;;;;;;;;;;;;;;;;;;"Neque dolorum unde sed dolor omnis molestiae.";;;;;;;;;;;;"Non qui voluptate et sed dolore deleniti vel.";96;;;;;;;;;;;;;;;1996-02-07;;;;;;;;;;;;;;;;;;;
id-384;fam_48;;;"At voluptas rerum quibusdam.";;;;;;;;;attr_opt_attr_642;;;;;;"Animi reprehenderit voluptates inventore eligendi quaerat non beatae.";"Alias impedit officiis sequi aut nihil.";;;;;;;;;;;;;;;;;;;;;;;;;;;0;;;;;;;;;;;1;;;;;;;;;;;;;;;;;;;;;2013-06-17;1976-10-14;;;;;attr_opt_attr_565;;;;;;;;;;;;;;attr_opt_attr_594;attr_opt_attr_599;;;;;;;;;;;;;;;;;;;;;;;;;;1;;;
id-385;fam_32;;;;;;;;;;;;;;;;;;;;;;;;;;;;;;;;;;;;;;;;;;attr_opt_attr_968;;;;1;;;;;;;;;;;;;;;;;;;598;METER;;;;;;;;;;;;;;;;;;;;;;;;987;566;;;;;;;;;;1;;;;;;;;;;;1;1;;;;;;;;;;;;;;;
id-386;fam_1;;;;;1;;;;659;METER;;attr_opt_attr_649;;;;;;"Labore non ratione quaerat eum.";"Et impedit tenetur quae enim officiis voluptatem et.";172;;;;;;;;;;;;;;;;;;;;;;;2000-07-03;;;;;;;;;;;;;;;;;684;METER;;;;;;;2012-02-04;;;;attr_opt_attr_238;;;;;;;;1995-01-12;;;;;;;;;;;;;"Accusamus velit autem aliquam sed possimus.";;;;;attr_opt_attr_597;attr_opt_attr_591;;;;;;;;;;;;;;;;;;;;;;;;;;;;;
id-387;fam_43;;;;;;;;;;;;;;;;;;;;;;;;;;;;;;;;;;;;;;;;;;attr_opt_attr_965;;;;;;;273;;;;;;;;;;;;;;;;;;;;;;;attr_opt_attr_231;;;"Quisquam ex voluptatibus odio qui similique eos nihil.";;;;;;;;;attr_opt_attr_563;;;;;;;;;;504;;;;attr_opt_attr_590;attr_opt_attr_592;;0;;;;;;;;;;;;;29;METER;;;;;;;;;;;817;METER;
id-388;fam_45;;;;attr_opt_attr_64;;;;;82;METER;;;;;;;;;;;;;;;;;;;;;995;METER;;;;;;;;attr_opt_attr_349;;;;;;;;;;;;;;;;;;;;;;;;;;;;;;;;;;;;;;;;;"Voluptatum debitis sequi quas dignissimos consequatur eveniet.";;;;;;;;;;;;;;;;;attr_opt_attr_598;attr_opt_attr_591;;;1;1;;;;;;;;;;;;;;;0;;;482;;;;;;;
id-389;fam_11;;;;;;;;;;;;;;;;;;;;;;;;;;"Fugiat tenetur doloribus est accusamus inventore est ut rerum.";;;;;;;;;;;;;;attr_opt_attr_343;;;;;1993-12-27;;;;256;;;;;;;;;;;;;;;;;;;1999-12-27;;;;;;;;;;2010-10-10;1984-04-08;;;;;;;;;;;;;attr_opt_attr_496;;;;;;;;;;;;;;;;;;;;;;;;;;;;;;;;;;;;
id-390;fam_40;;;;;;;80;947;;;;;;;;;;;;;;;;;;;;;;;;;;;;;;;;;;;1974-10-03;;;;;;;;;;;;;;;;;;;;;;;;;;;;;;;;;;;;;;;;;;;232;688;369;METER;;;;;;;;;;;;;;;;372;301;;;;;;;;896;METER;;;1;;;;"Fugit ratione architecto consequuntur dicta aspernatur commodi necessitatibus.";;;0;;;
id-391;fam_46;;;;;0;;;;;;;;;;;;"Recusandae mollitia dolorem aut reprehenderit.";;;;;;;;;"Dolore numquam omnis voluptas magnam consequatur autem mollitia dolor.";;;;;;;;;;;;;;;;;2013-02-05;;;0;;;;;122;841;;;;;;;;;;;;;;;1992-04-21;;;;;;;;;;;;;;;;;attr_opt_attr_569;;;;;;;;;;;;;;;;;;;;;;;;;;;;;;;;;;0;;;;;;;;;;
id-392;fam_30;;;"Dolor quas quod dolor ut.";;;;;;;;;;;;;;;;;;;;;;;;;;;;;;;;;;;;;;;;;;;;;"Commodi libero facilis facilis ut vel dolorum.";;;;;;;;;;;;;;"Fugit sit eum beatae neque dolorem at magnam molestias.";;;;;;;;;;attr_opt_attr_231;;;;0;;;;;;;;;;;;;;;;;;;;;;;;;;;;;;;;;;;;;;;;"Est porro rerum sit dolore.";;;;;308;;;;;;;
id-393;fam_16;;;"Dolorem consectetur nobis quasi quaerat sint omnis numquam.";;;;;;426;METER;;;;;1;1;;;;;;;;;;;;;75;"Voluptatem aut in in aut.";;;;;;;;;;;attr_opt_attr_254;;;;;;;;;;;;;;;;;;;;;;;;;;;;;;;;;;;;;1979-01-08;2014-09-19;;;;;;;;;;;;;;;;;;;;;;;;;;;;;;;;;;;;;;;;;;;;;attr_opt_attr_918;;;;
id-394;fam_18;;;;;;;;;;;;;;;;;;;;;;;;;;;;;;;;;;;;;;attr_opt_attr_00;attr_opt_attr_07;attr_opt_attr_344;;attr_opt_attr_968;;;;;;;;;;;;;;;1;;;;;;;;;;;;;;;;;;;;;;;;;;;;;;;;;;;;;;;;attr_opt_attr_215;;;;;;;attr_opt_attr_158;;;;;;;;;;;;;;0;;;;;;;;;;
id-395;fam_31;;;"Fuga a rerum fugiat.";;;;;;;;;;;;;;;;;;;;;;;"Non consequatur magnam qui ab.";;;;;;;;;;;;;;;;;;;;;;;;;;;;;;;0;1977-10-17;2005-04-05;;;"Alias quidem et omnis quis omnis alias dolorum.";;;;;;;;attr_opt_attr_526;;;;;;;;;;1998-03-01;;;;;;;;;;341;340;;;520;471;METER;;;;;;;;;;;;;;;;;;;;;;1;;;;;;;;;;
id-396;fam_40;;;"Aut tempore laboriosam voluptate id cumque architecto.";;;;;;;;;;;;;;;;;;;;;;;;;;155;;;;;;;;;;;;;attr_opt_attr_960;;;;;;;;;;;;;;;0;;;;;;;;20;METER;;;;;;;;;;;;;;;;;;;;;;618;METER;;;;;;;;;;;;;;;;;;;;;;;;;;;;;;;;;"Quia nobis repellat atque.";;;;700;METER;
id-397;fam_25;;;;;;;;;;;;;;;;;;;;;;;;;;;;;;;;;855;568;;;;;;;;;2013-07-07;;;;;;;;341;662;;;;;;;;;;;391;274;;;;;;;;;;;;;;;;;"Eos magnam ullam distinctio dolores deserunt.";;;;;;;;;;;attr_opt_attr_490;;;;;;;;;1;;;;;;;;;;;;;;;;;;;;855;;;;;;;
id-398;fam_39;;;;attr_opt_attr_67;;;;;;;;;;0;;1;;;;;;;;;;"In ut qui et.";;;;;263;METER;;;;;;;;;;;;;;;;;;;;;;;;;;;;;;;;;;;;;;attr_opt_attr_523;;;;1997-08-09;;;196;;;;;;;;;;;;;;;;;;131;METER;;;;;;;;;;;;;;;;;;;;;;;;;;;;;;;;
id-399;fam_49;;;;;;;;;;;;;;;;;;"Esse ut amet rerum voluptatum eos at sed.";"Nisi accusamus molestias et nemo reiciendis ab.";;;;;;;;;;;;375;METER;;;;;;;;;;attr_opt_attr_962;;;;;;;;;;;;;;;;1990-08-30;2003-05-08;;;;;;;;;;;;;;;;;;;;;;;;;;;;;;;;;;;;;;;;;;;;;attr_opt_attr_151;;;;;;;;;;;;;;;;;;;;;;368;METER;
id-400;fam_19;;;"Voluptatem accusantium vel enim quasi.";;;;;;;;;attr_opt_attr_644;;;;;;;;;;;;;;;;;;"Explicabo aliquam temporibus odio omnis autem veniam ab.";;;;;;;;;;;;;;;;;;;948;;;;;;;;;;;;;;;;;;;;;;;;;;"Aut accusamus tenetur voluptatem aut.";;;;;;;;19;;;;;;;;;;;;;;;;;;;;;;;;435;257;;;;;;;;;;;;;793;;;attr_opt_attr_918;;;;
id-401;fam_13;;;;;;;973;434;;;;;;;1;;;;;;;;;;;"Architecto vel aperiam sapiente hic cum ea non.";;;;;;;;;;;;;;;;;1984-02-13;;;;;;;;;;;;;;;;;;;;;;;;;;"Veritatis placeat omnis incidunt omnis molestiae ea sunt.";;;;;2008-06-18;;;;;;;;;;;;;;;;;;;"Ut maxime esse saepe soluta excepturi ullam.";;;;;;;;;;;;;;;;;;;;;;;;;;976;METER;;;;;;;;
id-402;fam_37;;;;;;;;;;;;;;;;;;"Quis quisquam quae eveniet nobis deserunt voluptatibus.";"Impedit aut consequatur sit ipsam sint.";;;;;;;;;;;;;;366;438;;;;;;attr_opt_attr_346;;attr_opt_attr_964;;;;;;"Omnis qui eaque corporis sit sunt est.";;;;;;;;;;;;;;"Et repellendus expedita molestias temporibus.";;;;;;;;;;;;;;;;;;;;;;attr_opt_attr_560;;;;;;;;;;;;;;;;;;;;;;;;;;;;;;;;;;;;;;;;attr_opt_attr_916;;;;
id-403;fam_6;;;;;1;;;;;;;;;1;;1;;"Ipsum possimus voluptatibus voluptatem omnis error quidem excepturi quas.";"Saepe cupiditate quibusdam consequuntur sit maiores.";;;;;;;"Qui aut id at velit minima.";;;;;;;;;;;;;;;;;;;;;;;603;;;;;;;;;;;;;;;;;;;;;;;;;;"Illo consequatur in mollitia.";;;;;;;;;attr_opt_attr_566;;;;;;;;;;;154;METER;;;;;;;;;735;278;;;;;;;;;;;;;;;;;;;;;;623
id-404;fam_11;;;;attr_opt_attr_69;;;;;;;;;;;;;;"Nulla nemo fuga aut cupiditate.";"Molestias consequatur velit dolor fuga eum inventore et.";;;;;;;"Quasi deserunt provident ab ea commodi quod.";;;;;;;;;;;;;;;;;;;;;;;;;;;;;132;418;;;;;;;;;;;;2002-07-15;"Ad reiciendis repellat numquam dolore molestiae.";;;;;;"Sint magnam eos deserunt at assumenda praesentium consequuntur.";;;;;;;;;;;;;;;;;;;;577;METER;;;;;;;;;;;;;;;;;;;;;;;;;;;;;;;;667
id-405;fam_14;;;"Enim sed aspernatur ut ut et ipsa eum.";;;;;;;;;;;;;;;;;;;;;;;;;;;;;;;;;;;;;;;;;;;1;;;;;;;;;;;;;;;;;;;;;;;;;;;;1974-08-21;;;;;;;"Explicabo modi voluptates totam quidem.";;;;;;;;;;;;;;;;;attr_opt_attr_598;attr_opt_attr_594;;;;;;;;;;;;;;;;;;;;593;METER;250;;;;;;;
id-406;fam_7;;;"Numquam aut ipsam debitis.";attr_opt_attr_66;;;;;;;;;;1;;;;;;;;;;;;;;;;;;;429;929;;;;;;;;;2015-06-24;;;;"Explicabo aut vel accusantium voluptatem praesentium sit.";"Ut autem ducimus non aut.";;;;;;;;;;;;;;;;;;;1978-02-16;;;;;;;;;;;1988-12-19;2011-02-21;;;;;attr_opt_attr_563;;;;;;203;678;;;;;;;;;;;;;;;;;;;;;;;;;;;;385;METER;;;;;;;;
id-407;fam_19;;;;;;;;;;;;;;;;;;"Molestiae eum at eligendi ut.";"Molestias velit tempora laboriosam fuga distinctio ea.";333;;;;;;"A officiis deserunt ut quia et magni.";;;;;513;METER;;;;;;;;;;attr_opt_attr_967;;;;;;;;attr_opt_attr_634;836;784;;;;;;;;;;;;;;;;1994-04-11;;attr_opt_attr_523;;;;;;;;;;2000-05-21;;;;;;;;;;;;;;;;;;;;;;;;;;;;;;;;;;;;;;;;;;;;;;;;
id-408;fam_39;;;"Aut velit debitis nam sit voluptatibus similique quia qui.";attr_opt_attr_62;;;13;39;126;METER;;;;;;;;;;;;;;;;;;;;;188;METER;;;;;;;;;;;;;;;;;;attr_opt_attr_635;248;641;;;;;1;;;;;;;;;;;;;;;;;;;0;;;;;;;;;;;;;;;;;;;;;;;;;;;;;;;;;;;;;;;;;;;;;;;;;;;;
id-409;fam_24;;;;;;;918;560;;;;attr_opt_attr_643;;;;;"Quia sit sint qui.";;;;;;;;;;;;;;;;923;524;;;;;;;;;;;;;;;706;;;;;;;;;;;8;METER;;;;;;;;;;;;;;"Voluptatibus eos nisi ut excepturi corporis minima quo ut.";;;;;;;;;;;;;773;METER;;;;;;;;;;;;;;;attr_opt_attr_156;;;;;2000-11-26;;;;;;;;;;;;;;;;;;;
id-410;fam_12;;;"Soluta ut corrupti sed deleniti unde numquam.";;;;;;;;;;;;;;;;;;;;;;;;;;;;;;;;;;;;;;;;;;;;;;;;;;;;;;;;;;;;;;;;;2005-02-11;;;;;;;;;672;2016-06-09;1977-02-22;;;;;;;;;;;;;;;;;;;;;;;;;attr_opt_attr_157;;;;;2004-06-17;;;;;957;METER;;;;;;;;;;;;;
id-411;fam_11;;;;;;;;;;;;;;;;;;;;;;;;;;;;;;;;;;;;;;attr_opt_attr_03;attr_opt_attr_07;attr_opt_attr_347;;;;;1977-07-26;;;;;attr_opt_attr_638;;;;;;;;;;;;;;;;;;;;;;;;;;;;;;;;;;;;1;342;;;;;attr_opt_attr_496;;;;;;;;;;;;;;;;;;;;;;;;;;;;;;;;;;;;
id-412;fam_4;;;;;;;;;;;;;;;;;;;;;;;;;;;;;738;;;;48;374;;;;;;;;;;;;1;;;;;;;;;;;;;;816;METER;;;;;;;;;;;;;;;;;;;;;;;;;;;;;;;;;;;;;;;;;;;;;;;;2003-05-01;;;;;;;;;;;;;;;;;;;
id-413;fam_0;;;;;;;;;986;METER;;;;;;;;;;;;;;;;;;;;;;;;;263;;;;;;;;;;;;;;;attr_opt_attr_633;;;;;;;;;;;;;;;;;1978-03-02;;;;;;;;;;;1993-01-05;1988-02-26;2015-12-01;;;;;;;;;;;;;;;702;METER;;;;;;;;;;;;;;;;;;;;;;0;;;;;;;;;;
id-414;fam_33;;;;;;;;;;;;;;;;;;;;;;;;;;;;;;;;;;;;;;;;;;;;;;;;;;;;;;;;;;;;;;;;;;;;;;;;attr_opt_attr_235;;;;;;1994-07-07;1996-02-25;;;;;;;;;;;;;;;;;;;;;;;;;;;;310;571;;;;0;1;;;;;;;;908;;"Mollitia aliquam in qui culpa ipsum.";;;;;
id-415;fam_30;;;;;;;;;;;;;;;;;;;;;;;;;;;;;;;;;;;;;;;;;;;;;;0;"Et porro maxime numquam accusamus aut.";;;attr_opt_attr_631;;;;;;;;;;;;"Omnis earum voluptatum omnis non veniam eius dolores.";;;;;;;;;;;;;;;;;;;"Quod voluptatibus quaerat perferendis quibusdam.";;;attr_opt_attr_568;;;;;;;;;;;;;;attr_opt_attr_591;attr_opt_attr_596;;;;;attr_opt_attr_153;;;;;;;;;;;;;;;;;;;;;;;;
id-416;fam_24;;;;;;;;;;;;;;;;;;;;;;;;;;;;;333;;563;METER;803;983;;;;;;;;;;;;;;"Similique qui et similique repellat recusandae.";;;949;237;;;;;;2007-06-04;1972-07-22;;;;460;169;;;;;;;;;;;;;;;;;;;;;;;;750;METER;423;226;;;;;;;;;;1;;;;;;;;;;;;;;;;;;;;;;;;;;;
id-417;fam_37;;;;;;;;;;;;;;;;0;;;;;;;;;;;;;;;;;75;333;366;;;;;attr_opt_attr_344;;;;;;;"Quos architecto atque repellendus.";;;;;;;;;;1;;;;;;;;;;;;"Itaque non quia voluptatem.";;;;;;;;;1976-11-18;2014-05-08;;;;;;;;;;;;;;;;;;;;;;;1;0;;;;;;;;;;;;;;;;;;;;;;;;;
id-418;fam_2;;;;;;;;;;;;attr_opt_attr_644;;;;;;"Omnis quibusdam ut velit ratione quia sed rerum earum.";"Asperiores sed consequatur molestias qui.";;;;;;;;;;;;;;;;;;;;;;;;;;;;;"Iure quia ullam doloribus quia vel at.";18;;;;;;96;464;;;;;;;;;;;;;;;;;;;;;;;;;;;;;;;;;;721;323;;;;;;;attr_opt_attr_591;attr_opt_attr_594;;0;;;;;;;;;;;1;1;436;METER;;;;;;;;;attr_opt_attr_917;;;;
id-419;fam_4;;;"Sequi sapiente quia sit quia explicabo et cupiditate.";;0;;;;;;;;;;;;;;;;;;;;;;;;;;;;;;;;;;;attr_opt_attr_340;;;;;;;;;;;;;;;917;459;;;;;;;;;;;;1971-07-25;;;;;;;"Iusto itaque et esse voluptas quidem.";;;;;;;;;;;;;;;;;;;;;;;;;;;0;1;;;;;;2004-05-19;;;;;;;;;;;;;"Voluptatem sint ratione sequi.";;;;;;222
id-420;fam_25;;;;;;;;;;;;;;;;0;;;;;;;;;;;;;544;;;;;;;;;;;;;;;;;;;"Sapiente delectus provident fugit voluptatem omnis.";;;;;;;;;;;;;;;;;;;;;"Qui sapiente perferendis eos exercitationem.";;;;;;;;;;;;;;;;;;;;;;;;;;;;;;;;1;;;;;;;;;;;;;;;;;;157;METER;293;;;;;;;
id-421;fam_49;;;"Asperiores expedita animi et voluptatum fuga illum.";;0;;;;;;;;;;;;;"Excepturi perspiciatis accusamus beatae tempora ex.";"Beatae voluptates dolore est maiores.";;;;;;;;;;;;;;;;;;;;;;;;;;1974-07-29;;;;;;;;;;;;;;;;;;;;;;;;;attr_opt_attr_522;;;;;;;;;;;;;;;;;;;;;;;;;;;attr_opt_attr_216;;;;;;;;;;829;190;;;;;;;;;;;;;;;;;;;;
id-422;fam_23;;;;;;;;;963;METER;;;;;;;;;;;;;;;;;;;;;;;;;;;;;;attr_opt_attr_343;;;;;;;;;;;;;;;349;211;;;;;;;;;;;;;;;;;;;"Et sunt impedit magni id similique labore minima.";;;;;1984-10-05;;;;attr_opt_attr_569;;;;;;;;;;;;;;;;;;;;attr_opt_attr_154;;;;;;;;;;;;;;;;;;;;;1;;;
id-423;fam_12;;;;;;;;;;;;attr_opt_attr_645;;;;;;;;;;;;;;;;;;"Consequuntur ut doloribus necessitatibus blanditiis ipsam.";;;;;;;;;;;;attr_opt_attr_960;;;;;;;;;398;829;;;392;412;;1999-03-21;1984-09-09;;;;;;;;2004-04-04;;;;;;;;;;;;;;;;;;;;;;;;;;;;;;;;;;;;;;;;205;271;;;;1;0;;;;;;;;;;;;;;;
id-424;fam_32;;;;;;;;;;;;;;;;;;;;;;;;;;;;;;;;;375;125;;;;;;attr_opt_attr_348;;;1985-10-03;;;;;;;;;;;;683;298;;;;;;"Eaque sed facere ratione.";;;781;METER;2002-01-16;;;;;;;;;;;;;;;;;;;;;27;METER;;;;;;;;;;;;;;;;;;;;;;;;;;;;;;;;;;;;;396;METER;
id-425;fam_5;;;;;0;;;;417;METER;;;;;;0;;;;;;;;;;;;;349;;;;;;;;;;;attr_opt_attr_341;;;;;;;"Quis omnis voluptatem ex voluptates consequatur veniam et.";;;;;;;;;;;;;;;;553;915;;;;;;;;;;;;;;;;;;;;;;740;484;;;;;;;;;;;;;;;;;;;;;;;;;0;1;;;;;;;;;;;attr_opt_attr_913;;;;
id-426;fam_28;;;;;;;;;381;METER;;;;;1;;;;;;;;;;;;;;;;693;METER;;;;;;;;;;;;;;1;;;;;;;;;;;;;;;;;;;;;;1992-09-17;;;;;;;;;;;;;;;;;;;;;;;;;;;;;attr_opt_attr_211;;;;;;;;117;382;;;;;;;;;;;;;;;;;;;;;;
id-427;fam_13;;;;;;;;;;;;;;;1;;"Nihil asperiores vitae neque laboriosam.";;;;;;;;;"Est voluptatem quo voluptates animi.";;;876;"Est pariatur aliquam ducimus in.";;;464;477;;;;;;;;;1992-12-28;;;;;;;;;;;;;;;;;;;"Quis mollitia sit dolor maxime illo.";;;;;;;;;;;;;;;;;;;;;;;;;;;;;;;;;;;;;;;;;;;;;;;;;;0;1;;;;;;;;;;;;;;;693
id-428;fam_19;;;;;;;;;;;;attr_opt_attr_644;;;;0;;"Itaque et dicta tenetur.";"Enim deleniti sit repellendus expedita quas et rerum delectus.";;;;;;;"Blanditiis et et quis in.";;;;;222;METER;;;;;;;;;;;;;;;;;;attr_opt_attr_639;;;;;;;;;;;;;;;;;;;;;;;;;;0;;;;1993-08-24;;;;;;;;;;;;;"Est aut qui tempora quasi.";;;;;;;;;;;;;;;;;;;;;;;;;;;;;;;;;;;
id-429;fam_9;;;;;;;;;;;;;;;1;;;;;;;;;;;;;;;;;;;;;;;;;;;;;;;;;;;;;;;;;;;;;;;;263;906;;;;;;attr_opt_attr_524;;;;;;;;;;;;;;;;;;;;;;;"Nam nisi velit rerum eligendi occaecati.";;;;;;;;1;;;;866;544;;;;;;;;;;;;;;;;;;attr_opt_attr_914;;;;507
id-430;fam_44;;;;attr_opt_attr_61;;;;;;;;;;;;;"Et dolore nihil dolorem libero fugiat veniam debitis iure.";;;;;;"Itaque dolores beatae architecto quibusdam.";;;;;;;;;;;;;;;;;;;;;;;;;;;;;;;;;;;1974-02-22;1987-08-22;;;;;;;;;;;;;;;;;;;;;;;;;;;;;;;;;attr_opt_attr_499;;;;;;;;;;;;;84;264;;;1981-11-15;;;;;;;;;;;;;;;;0;;;420
id-431;fam_48;;;;;;;;;;;;attr_opt_attr_643;;;;;;;;;1985-09-22;;;;;"Repellat porro atque facere ipsa non qui.";;;360;;;;;;;;;;;;;;;;;;"Tempore deleniti qui non labore qui.";;;;;;;;;;;;;;;;;;;;;;;attr_opt_attr_526;;attr_opt_attr_235;;;;;;;;;;;;;;199;150;;;;;;;;;;;;;;1;;;attr_opt_attr_151;;;;;;;;;;;;"Odio voluptatum esse est quis dolore soluta optio.";;;167;METER;;;;;;;;
id-432;fam_6;;;"Dolores omnis corrupti molestiae dolores eos.";;0;;;;;;;;;;0;;;;;;;;;;;"Explicabo aut qui voluptas sit.";;;;;;;;;;;;;;;attr_opt_attr_256;;;;;;;;;;;;;;;;;;;;;;;;;;;;;;;;;;;;;;;;;;;;;;;;;328;870;;;;785;METER;;;;;;;;attr_opt_attr_150;;;;;;;;;;;;;;;577;METER;578;;;;;;;
id-433;fam_14;;;"Et molestias qui dolores quo architecto alias voluptates.";;;;938;350;;;;;;;;;;;;;;;;;;;;;;;;;;;;;;;;attr_opt_attr_348;attr_opt_attr_258;;;;;;;"Et non ex esse rerum.";;;;;;;;;;;;;;;;;;;1978-12-10;;;;;;;;;;;;;;"Eos labore tenetur magni vitae.";;;;;;;;;;;;;;;;;;;;;;;;;;;;1981-06-23;;;;;;;;;;336;METER;;;;;;66;METER;
id-434;fam_15;;;;;;;276;444;;;;;;;;;;;;771;;;;;;;;;;;;;;;;;;;;;;;;;1996-06-17;;;;;attr_opt_attr_630;;;;;;;;;;;;;694;689;;;;;"Et blanditiis similique excepturi ut accusantium ratione.";attr_opt_attr_523;;;;;;;;;;;;;;;;631;948;;;;;;;;;;;;;;;;;;;;;;1992-07-26;;;;;;;;;;;;;;;;;;;
id-435;fam_28;;;"Est assumenda et omnis ut recusandae.";;;;;;;;;;;;0;;;;;;;;;;;;;;;;;;;;832;;;;;;;;;;;;;;;;;;;;;;;;;651;METER;;;;;;;;;;;;;;;;;;;;;;;;;;;;;;;;;813;554;METER;;attr_opt_attr_597;attr_opt_attr_599;;;;;;;;;;2004-04-07;;;;;;;;;;925;METER;;;;;;;;
id-436;fam_47;;;;attr_opt_attr_63;;;;;;;;;;;;;;;;;2005-04-22;;;;;;;;;;;;;;;;;;;;;;;;;;;;;;;;;;;;;;;;;;;;;;;;;attr_opt_attr_527;;;;;;;;1990-03-30;1982-02-24;;;;;;;;;;;;;;;;;;;;;854;;;;;;;;;;;;;;;;;;;;;;;;;;;;
id-437;fam_37;;;;;;;;;;;;;;;;;;;;;;;;;;;;;;;;;;;;;;;;;attr_opt_attr_252;;;;;1;;;;;;;;;;;;;;;;;;;;;;;"Quis voluptatem optio unde accusantium quia optio.";;;attr_opt_attr_233;;1990-04-22;;;;;;;;;;;;;;;;;;;;;758;METER;;;;359;;1;0;;239;742;;;;;;;;;;;;;;;;;;attr_opt_attr_912;;;;
id-438;fam_19;;;;;;;;;;;;;;;;;;;;;;;;;;;;;;;249;METER;;;;;;;;;;;;;;1;;"Aliquid itaque necessitatibus nemo quo accusantium ullam aut.";657;;278;576;;;;;;;;;;;;;;;;1987-05-30;;attr_opt_attr_522;;;;;"Consequatur saepe nesciunt qui qui placeat et quis.";1;;;;;;;;;;;;;;;;;;;;;;;;;;;;;;;;;;;;;;;;"Commodi qui fugit dolores ad nihil illum unde omnis.";;;;;;;;;;;;
id-439;fam_45;;;;;;;;;;;;;;;;;;;;;;;;;;;;;801;;;;408;843;;;;attr_opt_attr_08;attr_opt_attr_05;;;;;;;;;;;;;;;;;;;;;;;;;;;;;;;;;;;;;0;;;;;;;;;;;;;;;;;"Doloremque voluptatem aliquid nihil mollitia voluptatum.";;;;;attr_opt_attr_599;attr_opt_attr_598;171;;;;;;;;;1979-05-17;;;;;;;;;;51;METER;;;;;;;;
id-440;fam_6;;;"Et aut eos ullam in aut vero qui.";;;;;;;;;;;1;;;;"Reiciendis nostrum minima laboriosam debitis sed numquam porro.";"Esse explicabo corporis hic tenetur.";;;;;;;;;;;;;;;;;;;;;;attr_opt_attr_255;;;;;;;;;;;;;;;;;;;;;;;;;;;;;;;;;;;;;;;;;;178;;;;;241;METER;;;;;;;;;;;;;;;;;;;;;;;;;;;;;1;;;;;;attr_opt_attr_914;;;;
id-441;fam_2;;;;;;;;;;;;;;;;;;;;;;;;;;"Eaque debitis ea labore sint at error iusto.";;;;"Eos aut fugit quam aliquid excepturi molestiae.";;;;;;;;;;;;;;;;;;;;;;;;;;;;;;;;;;;;;;;;;;;;;;;;;;;;;;;;260;236;;;;;;;;;;;;;;;;;;357;557;;;1982-07-24;;;1;0;;;;;;;;;;;;;;;
id-442;fam_46;;;;;;;569;220;;;;;;;;;;"Perspiciatis et voluptas nostrum in inventore magnam optio.";"Consequuntur mollitia quia ullam quibusdam.";;;;;;;;;;;"Voluptatem nemo est alias ut.";;;;;;;;;;;;;;;;;;;;;;;;;;;;;;;;;;;;;;1988-08-04;"Architecto ipsa et ducimus quia.";;;;;;;;;1985-01-06;2004-02-03;;;;567;;;;;;;;;;;;;;;;;;;;;;;;;;;;;;;;;;;;;;;;;;;;;
id-443;fam_28;;;"Voluptas ex voluptatum in eos et possimus.";;;;;;;;;;;;;;;;;;;;;;;;;;;;;;;;;;;;;;;;;;;;;;;;;;;;;;;;;;;"Quas eius et non id ad nostrum.";;;;;;1977-11-25;;;;;;;;;;;;;;;;;;584;513;;;;;;;;775;METER;attr_opt_attr_216;;;;;;;;;;;;;;;;;;;;;;324;METER;;;;;;;;
id-444;fam_25;;;;;;;;;;;;;;;;;"Quibusdam a consectetur incidunt nihil harum itaque.";;;;;;;;;;;;;;;;;;;;;;;attr_opt_attr_347;;;;;;;;;;;;;;;;;;;;;;;447;533;;;;;;;;;;;;;;;;;;;999;;;;;;;661;273;attr_opt_attr_491;;;;;;;;;1;;;;;;;;;;;;;;;;;;;;;;;;;;;
id-445;fam_39;;;"Nihil quos soluta et nulla necessitatibus sequi.";;;;756;601;473;METER;;;;;1;;;;;;;;;;;;;;;;;;;;;;;;;;;;;;;;;"Qui quis quod quae a.";;;;;;;;;;;;607;METER;;;;;;;;;;;;;;;;;;;;;;;;;;;;;;;;;;;;;;;;;;;;;;;;;;;;;411;METER;;;;;;;;;;;;;
id-446;fam_6;;;;;0;;;;;;;;;0;1;;;;;;;;;;;;;;;;;;;;;;;;;;attr_opt_attr_259;;;;;;;;;;;;;;;;;;;;;;;;;;;;;;;;;;;;;2007-04-22;1986-03-05;;;;;attr_opt_attr_561;;;;50;METER;141;451;;;;;;attr_opt_attr_213;;;;;;;;;;;;;;;1;1;860;METER;;;;;;;"Aut voluptatem nisi non est fugiat cupiditate ut.";;;;;;
id-447;fam_48;;;;;;;;;;;;;;;;;;;;;;;;;;"Quo suscipit quia aspernatur voluptatum ea perspiciatis temporibus.";;;952;"Rerum earum dolorem laborum sint omnis voluptatibus.";8;METER;;;;;;;;;;;;;;;;"Recusandae aliquam et sed architecto debitis ab maxime pariatur.";570;;;;;;;;0;;;;;;;;;;;;;;;;;;;;;;;1993-07-19;;;;;;278;102;;;;;;;;;;attr_opt_attr_219;;;;;;;;;;;;;;;;;;;;;;;;;;;;;;;
id-448;fam_14;;;;attr_opt_attr_62;;;734;853;;;;;;;;;;;;;;;;;;;;;;;;;;;;;;;;;;attr_opt_attr_960;;;;;;;;attr_opt_attr_633;;;;;;;;;;;;"Fugiat sunt enim architecto repellat sed reiciendis.";;;;;;;;;;;;2005-01-06;;1;;;;;;;388;;;744;862;;;;;attr_opt_attr_493;;;;;;;;;;;;;;;;;2005-10-22;;;;;;;;;;;;;;;;;;;
id-449;fam_38;;;"Ea quibusdam saepe suscipit non ab voluptatibus quas.";;;;;;;;;;;;;;;;;;;;;;;;;;;;143;METER;;;;;;attr_opt_attr_05;attr_opt_attr_01;;;;;;;;;;639;;;;;;;;;;;;;;;;878;METER;;;;;;;;;;;;;;;;;;;;;;382;METER;;;;;;;;;attr_opt_attr_596;attr_opt_attr_596;;;;;;;;;;;;;;;;;;;;80;METER;;;;;;222;METER;
id-450;fam_31;;;;attr_opt_attr_65;;;;;;;;;;;;0;;;;672;;;;;;;;;;;;;;;;;;;;;;;;;;;;;;;;;;;415;803;;;;72;METER;;;;;;;;;;;;;;;;;;;;;;;;;;;;;;;attr_opt_attr_499;;;585;METER;;;;;1;;;;;;;;1970-11-27;;;;;;;;;;;;;;;;;;;
id-451;fam_44;;;;;;;;;;;;;;;1;0;;;;;;;"Consequatur voluptatem consequatur aut cum aspernatur sint occaecati.";;;;;;;"Neque rerum sunt ullam fugit autem quia.";;;;;593;;;;;;attr_opt_attr_250;;;;;;;;;;;;;;;;;;;;;;;;;;;;;;;;;;;;;;;;"Qui quis quisquam blanditiis et sit molestias.";;;;;;;;;;;;;;;;;;;618;;;;;;;369;700;;;;;;;;;;;;;;;;attr_opt_attr_910;;;;
id-452;fam_44;;;;;;;;;;;;;;;;;;;;;;;"Explicabo blanditiis est ut itaque explicabo.";;;;;;;;;;;;152;;;;;;;;;;;;;;;;;;;;;;;;;;;;;;86;METER;;;;;;;;;;;;2006-01-25;2010-02-18;;;;;;;;;;;;;;"Id labore aut aspernatur et dolorum sunt.";;;;;;;;;;;;850;857;661;65;;;;;;;;"Sed quos aspernatur error dolores debitis ad quae nobis.";;;;;;;;;;;;
id-453;fam_8;;;;;;;;;;;;;;;;;;;;;;;;;;;;;;;787;METER;83;686;;;;;;;attr_opt_attr_258;;;;;;;;;;634;566;;;618;285;;;;;;;;;;;;;;;;;;;;;;2011-11-27;2010-11-04;;;;;;;;;;;;;;;;;;;;;;;;;attr_opt_attr_150;;;;;;;;;;;;;;;;;;;;;;174;METER;
id-454;fam_23;;;;;;;;;;;;;;;;;;;;719;;;"Sunt est omnis ea numquam.";;;;;;;;;;;;;;;;;;;attr_opt_attr_969;1975-09-26;;;0;;;567;;;;;;;;;;;;;;;;;;;;;;;;;;;1;;;;;;;;;;;;;;;;;;;;;;;;;;;;attr_opt_attr_154;;;;;;;;;;;;;;;;;;;;;;;;
id-455;fam_13;;;;;;;;;;;;;;;;;;"Illo a molestias consectetur eaque fugit sed assumenda.";"Quos perspiciatis et laborum distinctio.";;;;;;;;;;834;"Consequatur sed deserunt dolores quisquam ut.";;;;;;;;;;;;;;;;;;;;;;;;;726;816;;;;;;;;;;;;1986-10-17;"Quaerat enim eius qui in sed voluptatum.";;;;;;;;;;;1971-09-10;;;;;;;;;;;;;;;;;;;;;;1;1;;;;;;;;;;;;;;;;;;;;"Pariatur officia et reprehenderit sit.";;;;;
id-456;fam_22;;;;;;;;;;;;;;;0;;;;;;;;;;;;;;;;;;;;;;;;;;;;;;;;;;;;;;;;;;;;;;;;;;;;;;"Quia et corrupti aut voluptas cumque impedit dolorem.";;;;;;;0;;;;;;;;;;;;633;METER;;;;;;;;;;;2;;;;;;;;;;;;;;;;;;;;;;;;;0;;;
id-457;fam_5;;;;;;;;;624;METER;;;;;;;"Itaque non recusandae incidunt accusantium.";;;;1996-03-17;;;;;;;;;;;;;;;;;;;attr_opt_attr_343;;;;;;;;;;;;;;;;;;;;;;;;;;;1971-04-11;1997-09-23;;;;;;;;;;;;;;;;;;;;;;;;;;;;;;attr_opt_attr_597;attr_opt_attr_599;;;;;;26;477;;;;;;;;;;;;;;;;;;attr_opt_attr_912;;;;
id-458;fam_45;;;;attr_opt_attr_62;;;;;;;;;;;;;;;;;;;;;;;;;;;;;335;27;;;;;;attr_opt_attr_340;;;;;2009-08-01;;"Dicta sit ipsa vel et.";;;;;;;;;;;;;;;;;;;;;;;;;;;;;;;;;;;;;;;;;;;;;;;;;;;attr_opt_attr_598;attr_opt_attr_598;;;;;;;;;;;;;;;;;;;;;;;;;;;;;
id-459;fam_36;;;;;;;;;;;;;;;;;"Voluptates aspernatur quis quia consectetur omnis.";;;;2004-05-07;;;;;;;;;;;;;;;;;;;;;;;;1977-07-31;;;"Et eveniet autem in.";;;;;;;;;;;;;;;;;666;METER;;;;;;;;;;;;;;;;;;;;;;;;;;;;;;;;attr_opt_attr_592;attr_opt_attr_599;;1;;;;;;;;;;;;;;;"Qui praesentium blanditiis dolores iste rerum aspernatur sint.";;;;;;;;attr_opt_attr_918;;;;
id-460;fam_9;;;;;;;;;;;;;;;;;;;;;;;;;;;;;;;;;577;505;;;;;;;;;;;;1;;;;;;;;;;;;;;;;;;;46;METER;;;;;;;;;;;;;;;;;;;;;;602;METER;;;;;;;;;attr_opt_attr_599;attr_opt_attr_594;26;;;;;831;647;;;;;;;;;;;;;;;752;"Similique est ipsum eligendi et maxime.";;;;;;
id-461;fam_18;;;;;;;;;;;;;;;;;;;;;;;;;;;;;;;;;;;;;;attr_opt_attr_00;attr_opt_attr_09;;attr_opt_attr_255;attr_opt_attr_966;;;;0;;;;attr_opt_attr_637;;;;;;;;;;;;;;;;;;;;;;;;;;;;;;;"Asperiores et aut sit illo.";;;;;;;;;;;;;;;;attr_opt_attr_218;;;;;;;;680;712;;;1981-04-11;;;;;;;;;;;;;;;;;;;
id-462;fam_2;;;;;;;951;137;805;METER;;;;1;;;"Eum expedita libero optio aperiam dolorem.";"Quas vitae debitis doloribus autem placeat voluptatum perspiciatis recusandae.";"Et debitis magnam omnis quae maxime id facilis.";611;;;;;;;;;;;;;;;;;;;;attr_opt_attr_345;;;;;;;;;;;;;;;;;;;;;;;;;;;;;"Ut velit explicabo soluta quibusdam voluptatem.";;;;;;;;;;;;;;;;;;;;;;;;;;;;;attr_opt_attr_593;attr_opt_attr_595;;;;;;;;;;;;;;;;;;;;;;;;;;;;;
id-463;fam_37;;;;;;;;;;;;;;;;;;"Voluptate perspiciatis dolor nisi ullam.";"Libero omnis et sed.";900;;;;;;;;;;"Voluptas repellendus provident sed dignissimos tenetur veritatis.";;;;;;;;;;;;attr_opt_attr_961;;;;;;;;;;;;;;;;;;;;"Dolor aut in quidem explicabo.";558;668;;;;;"Tenetur vitae et earum quis.";;;;;;;;426;;;;;;;;;;;;;;;;;;;;;;;;0;;;;639;603;;;;;;;;;;;;;;;;;;;;;;
id-464;fam_38;;;;;;;;;;;;;;;;;;;;989;;;;;;;;;;;277;METER;;;;;;;;;;;1973-02-06;;;;;;;;;;;;;;;;;;;;;;;;;;;;;;;;;;;;;;;;;;;;;987;METER;;;;;693;;;;attr_opt_attr_598;attr_opt_attr_598;;;;;attr_opt_attr_157;;;;;;;;;;;;;;0;;;;;;;;;;
id-465;fam_49;;;;;0;;;;;;;attr_opt_attr_643;;;;;;;;;;;;;;;;;;;;;;;;;;;;;;attr_opt_attr_966;;;;;;;;;;;;;;;;;;;;;;;;;;;;;;;;;;;;;;;;;;;;642;405;;;;;;;;;;;;;;;;;;;;;;;;;;;;;"Aut eum quod aut animi.";;;;;22;;"Quaerat dolorem et rem enim voluptatem fugiat tempora.";;;221;METER;
id-466;fam_3;;;;;;;;;;;;;;1;;;;;;;;;;;;;;;;"Autem earum at necessitatibus assumenda ut ut velit.";;;987;590;;;;;;;;;;;;;;;;;;;;;;;0;;;;;;;;;;;1986-04-29;;;;;;;;;503;;;;;;485;;;103;957;;;;;;;;;;;;;;;;;;;;;;;;;;;;;;;;;;;;;;;;;
id-467;fam_24;;;;;;;85;997;;;;;;;;;;;;;;;;;;"Eveniet asperiores voluptatem natus minus.";;;;;;;;;;;;;;attr_opt_attr_340;attr_opt_attr_252;;;;;;;;422;;;;;;;;;;;;;;;;;;1975-04-27;;;;;;;;;0;;;;;"Consequatur sequi unde tempora officia rerum soluta id.";;;;;;;;;203;326;attr_opt_attr_491;;;;;;;;;;;;;;;;;;;;;;;;;;0;;;;;;;;;;
id-468;fam_49;;;;;0;;;;;;;attr_opt_attr_647;;;;;;;;;;;;;;;;;;;274;METER;;;;;;;;;attr_opt_attr_251;;;;;;;;;;;;;;;;;;;;;;;;;;;;;attr_opt_attr_527;;;;;;;;;;;;;;;;;;;;;;;"Fuga assumenda quae molestias id aliquid dolores et.";;;;;;;;;;;attr_opt_attr_157;;;916;444;;;;;;;;"Est sapiente hic ducimus ut ut.";;;;;40;;;;;437;METER;
id-469;fam_38;;;;;;;;;;;;;;;;;;;;;;;;;;;;;349;;;;;;;;;;;;;attr_opt_attr_964;;;1989-02-20;;;;;;;;;;;;;;;;;;;;;;;;;;;;;;;1;;;;;"Vitae dolor odit nobis cum iste dolorem omnis.";;;;;;;;;;;;;;;;;;;;0;;;attr_opt_attr_156;663;880;;;;;;;;;;;;0;;;;;;;;;;
id-470;fam_33;;;"Similique ut ut assumenda adipisci laudantium eum.";;;;;;;;;;;1;;;;;;;;;;;;;;;;;;;;;;;;;;;;;;;;;;;;;;;;;;;;;;;;"Illum saepe quos quas sequi.";;;;;2000-04-21;;;;;attr_opt_attr_235;;;;1;;;;;;;;;;;;;;;;;;;;;attr_opt_attr_212;attr_opt_attr_594;attr_opt_attr_594;;;0;1;;;;;;;;;0;1;;;;;;;;;;;;;;;
id-471;fam_6;;;;;0;;;;;;;;;1;;;;;;;;;;;;;;;;;;;;;;;;;;;;;2013-06-21;;;;;;;;;;;;;;;;;;;;;;;;;;;;;;;;;;;1992-08-10;2002-07-25;;;;;attr_opt_attr_567;;;;135;METER;;;;;;;;;;;;;1;0;attr_opt_attr_153;;;;;;;;;;;;;;;;;191;;;;;;;
id-472;fam_24;;;;;;;;;;;;;;;;;;;;;;;;;;;;;;;114;METER;;;;;;;;;;;;;;;;;637;;;;;;;;;1982-03-04;1996-12-10;;;"Voluptatem neque consectetur architecto ut aut incidunt non.";419;534;;;;;"At est dolores fugiat.";;;;;1995-01-21;;;;;;;;;;;;;;7;METER;;;attr_opt_attr_490;;;;;attr_opt_attr_210;;;;;;;;;;;;1993-03-19;;;;;;;;;;;;;;;;;;;
id-473;fam_20;;;"Quis et earum porro numquam aliquid ea.";;;;;;;;;;;;;;;;;;;;;;;;;;;;;;;;;;;;;attr_opt_attr_342;;;;;2009-09-16;0;;"Sit ut rem impedit ipsum molestias sunt modi et.";;;;;;;;;;;;865;METER;;;;;;;;;attr_opt_attr_528;;;;;;0;;;;;;;;attr_opt_attr_560;;;;;;;;;;;;;;;;;;;;;;;;;;;;;;;;;;;;;;;;;;;;
id-474;fam_37;;;;;;;190;715;;;;;;;;;;;;160;;;"Asperiores nesciunt et et et quibusdam aut.";;;;;;;;;;;;;;;;;;;;;;;;;;;attr_opt_attr_631;;;;;;;;;;508;METER;;;;;;;2002-08-30;;;;;;;;;85;;;;;;;;;;;853;METER;;;;"Doloribus neque et non officia quia dolores.";;177;METER;;;;;;1;1;;;;;;;;;;;;;;;;;;;;;;;;;
id-475;fam_36;;;;;;;;;;;;;;;;;;;;;2007-05-29;;;;;;;;;;;;;;;;;;;;;;;;;1;"Magni iure quae sequi quidem sed repellendus aut ut.";;452;;;;;;;;;;;;;;;;;;;;;attr_opt_attr_522;;;;;;;;2004-11-13;1991-07-25;;;;;;;;;;;373;962;;;975;;;;;;;;;;;;;;;;;;;;;;;;;;;;;;;;;;
id-476;fam_45;;;"Nemo in voluptates ab veniam eum animi id eos.";;;;;;889;METER;;;;;;;;;;;;;"Amet quo deleniti qui facilis eos animi.";;;;;;;;;;;;;;;attr_opt_attr_04;attr_opt_attr_06;;;;;;;;;;;;;;;;;;;;;;;;;;;;;;;;;;;;;0;;;;;;;;;;;;;;;;;;997;;;;;;;;;;;;;;;;;;;;;;;;1;;;912;;;;;;;
id-477;fam_47;;;;;;;;;;;;;;;;1;;;;;2002-01-01;;;;;;;;;;;;;;941;;;;;;;;;;2002-09-24;;;;;;;;;;;;;;;;;;;;;;;;;attr_opt_attr_529;;;;;;;;;;;;;;;;;;;;;;;;;;;;;;;;;;;;;;;;;;;;758;METER;;;0;;;;;;;;;;
id-478;fam_20;;;;;;;;;;;;;;;;;;;;;1970-03-01;;;;;;;;;;;;276;689;;;;;;;;;;;;;;"Qui quibusdam debitis odio.";;;;;;;;;;;;251;METER;"Itaque perferendis consequatur asperiores nam.";;;;;;;;;;;;;;;;;;;"Optio cumque aperiam accusantium.";;;;;;;;;;;;"Delectus nihil sed velit.";;;;attr_opt_attr_212;;;;;;;;;;;;;;;;;;;;;;;;;;;;;;;
id-479;fam_20;;;;;1;;;;;;;;;;;;;;;;1985-08-10;;;;;;;;;;78;METER;858;647;;;;;;;;;;;;0;;"Ipsam qui aut ipsam minus aut.";;;;;;;;;;;;;;;;;;;;;;;;;;;;;;;;;;;;;;;;;;;;;;585;;;;;;;;;;;;;;;1989-05-10;;;;;;;"Necessitatibus amet placeat sequi delectus qui placeat rerum.";;;;;;;;;;298;METER;
id-480;fam_6;;;;;;;;;;;;;;;1;;;;;;;;;;;;;;;;;;;;;;;;;;;;;;;;;;;;;;;;;;;;;;;;;;;;;;;;;;;;;;;;;;;;;attr_opt_attr_561;;;;;;;;;;;295;METER;;;;;1;1;0;attr_opt_attr_158;;;;;;;;;;;;;;0;;;;;;;;;;169
id-481;fam_20;;;;;1;;;;165;METER;;;;;;;;;;;;;;;;;;;;;523;METER;198;706;;;;;;;;;;;;;;;;;;;;;;;;;;;;;;;;;;;;;;attr_opt_attr_235;;1998-08-21;;;;;;2010-09-28;;;;attr_opt_attr_565;;;;;;;;;;;;;;;;;;0;0;;;;;;;;;;;;;;;;;;;;;;;832;METER;
id-482;fam_17;;;"Ea nostrum aut explicabo autem ipsam eum voluptates facere.";;;;;;731;METER;;;;;;;;;;;;;;;;;;;;;;;;;;;;;;;;;;;;;;;;;;;;;;;;;;79;METER;;;;;;;;;;;;;;;;;;;;;;525;;;;;;;;;;;;;;;;;;;0;0;;;;;;;;;;;905;METER;"Sed blanditiis voluptas quod magnam.";;;;;;;;;;;;
id-483;fam_11;;;;attr_opt_attr_61;;;;;;;;;;;0;;;;;213;;;;;;;;;;;;;;;;;;;;attr_opt_attr_340;;;;;;;;;;;;;;;956;393;;;;;;;;;;;;;"Sunt in voluptatem consectetur odio quo corporis aperiam nesciunt.";;;;;;;;;;;;"Dolores illum beatae quo illo voluptates impedit.";;;;;;;;;523;52;;;;;;;;;;;;;;;;;;;;;;;;;;;;;;;;;;0;;;
id-484;fam_10;;;;;;;;;;;;;;;;;;;;;;;"Minima inventore voluptas saepe.";;;;;;;"Repudiandae atque non voluptas minima dolores quaerat.";;;171;529;;;;;;;;;1994-03-27;;;;;;;;;;;;;;;;;;;;;;;;;;;;;;;;;;;;;;;;837;;;;;;;;;;;502;528;METER;;;;;;;;;;;;;;;;;;;;;;;;;;;;;;;;
id-485;fam_10;;;;attr_opt_attr_66;;;158;401;;;;;;;1;;;"Et non minima perspiciatis reprehenderit rem perspiciatis.";"Illum ut nemo quo suscipit.";;;;;;;;;;;;;;;;;;;;;;;attr_opt_attr_968;;;;;;;;;;;;;;;;;;;;;27;785;;;;;;;;;;;"Nostrum ipsam quis sed qui est sed neque dolores.";;;;;;;;;;;;;;;;;;;;;;;;;;;;;;;;;;;;;0;1;;;;;;;;;;;;;;;620
id-486;fam_11;;;;attr_opt_attr_67;;;;;;;;;;;;;;;;;;;;;;;;;;;;;;;;;;;;;;;;;1990-12-15;;;;;;;;;;;;;;;;;;;;;;;2009-05-08;"Optio nisi nostrum voluptate ipsum quia minus reiciendis dolore.";;;;;;;;;;;;;;;;;;;;;;;;;;580;METER;;;;;;;;;96;916;;;;;;;;;;;;;;;;;;;;;;
id-487;fam_47;;;;attr_opt_attr_60;;;;;660;METER;;;;;;;;;;;1974-08-02;;"Eaque aliquam veniam id nam minima laborum et magnam.";;;;;;;;;;;;;;;;;;;;;;;;;;;;;;;;;;;;;282;METER;"Voluptas harum impedit illo iusto voluptatem.";;;;;;;;;;;;;;1;;2012-07-17;2006-12-05;;;;;;;387;395;;;;;;;;;;;;;;;;;;;;;;;;;;;;;;;;;;;;;;;;;441
id-488;fam_26;;;;;;;557;730;;;;;;0;;;;;;;;;;;;;;;;;;;;;;;;;;;;;;;;;;;;;;;;;;;;;;;;;;;228;METER;;;"Omnis sunt quibusdam est quaerat explicabo.";;;;;;;;;2002-07-27;2004-06-24;;;;;;;;;;;;;;;608;;;;;;;;;;;;;;;;;;;;936;METER;;;;;;;;;;1;;;
id-489;fam_45;;;;;;;;;899;METER;;;;;;;;;;;;;;;;;;;;;;;;;;;;attr_opt_attr_04;attr_opt_attr_05;attr_opt_attr_343;;;;;1996-09-13;;;;;;;;;;;;;;;;;;;;;;;;;;;;;;;;;;;;;;;;;;;;;;;;;;;;;;;;;;;;;;;;;;;;;;;"Eum natus quos veniam alias.";;1;;;;;;;;;;
id-490;fam_47;;;"Qui et veritatis et dolores et.";attr_opt_attr_61;;;;;;;;;;;;;;;;;;;;;;;;;;;;;;;117;;;;;;;;;;;;;;;attr_opt_attr_638;;;;;;;;;;;;;;;;;;;;;;attr_opt_attr_235;;;;;;;;;;;;;;;;;;;;;;;89;METER;;;;520;;;;;;;;;;;;;;725;METER;;;;780;METER;;;;;;;;
id-491;fam_6;;;;;;;;;;;;;;;;1;;;;;;;;;;;;;;;;;;;;;;;;;attr_opt_attr_252;;;;1989-04-19;;;;;;;;;;;;0;;;;;;;;966;METER;;;;;;;;;;;;;;1976-12-14;;;;;;;;;;;;;;;;;;;;;;0;0;;;;;;;;;;;;;;;;389;METER;;;;attr_opt_attr_911;;;;
id-492;fam_11;;;"Mollitia accusamus dicta hic provident fugit explicabo.";attr_opt_attr_68;;;876;445;;;;;;;;;;"Corporis assumenda eveniet enim voluptas est totam similique.";"Sed ut placeat qui.";;;;;;;;;;;;;;;;;;;;;;;;;;;;;;;;;;;;54;634;;;;728;METER;;;;;;;;;;;;;;;;;;;;;;;;;;;;;;;;;;643;METER;;;;;;;;;;;;;;;;;;;;;;;;;;;;attr_opt_attr_910;;;;936
id-493;fam_29;;;;;;;;;;;;;;1;;;;;;;;;;;;;;;;;658;METER;884;661;;;;;;;;;;;;;;;;;;;;;;;;;;;;"Iusto molestiae laboriosam accusantium ad sit qui.";;;;;;;;;;;;;;;;2011-09-13;2016-02-24;;;;;;;;;;;;;;;;;;;;;;;;;;707;236;;;2014-05-12;;;;;;;;;;;;;;;;;;;
id-494;fam_8;;;"Natus delectus perspiciatis voluptas et amet laboriosam.";attr_opt_attr_62;;;;;;;;;;0;1;;;;;;;;;;;;;;;;;;;;;;;attr_opt_attr_03;attr_opt_attr_09;;;;;;;;;;;;234;463;;;;;;;;;;;;;64;METER;;;;;;;;;;;;2001-09-10;1971-02-23;1984-12-21;;;283;;;;;;;;;;;;;;;;;;;;;;;;;;;;;0;1;;;;;;;;;;;;;;;
id-495;fam_28;;;"Fugit cupiditate fugiat qui eveniet.";;;;;;46;METER;;;;;;;;;;242;;;;;;;;;;;;;;;;;;;;;;;;;;;;;;;;;;;;;;;;323;METER;;;;;;;1986-12-22;;;;attr_opt_attr_238;;;;;;;;;;;;;;;;;;;;;;780;;;;;;;1;;;;;;;;;;;;;;;;;;;;;;;;;;;
id-496;fam_20;;;"Quos eos temporibus voluptatem temporibus temporibus eaque ut dolore.";;1;;;;;;;;;;;;;;;;;;;;;;;;;;;;;;435;;;;;;;;;;2001-07-12;;;;;;;;;;;;;;;;;"Earum et nam veritatis laborum itaque vero.";;;;;;;;;;;;;"Ea illum quae non voluptatem maiores aliquam nihil qui.";;;;;;;;;;;;;;;;;;;;;;;;;;;;;;;;;;;;;;;;;;;;;;;;;;1;;;
id-497;fam_36;;;;;;;;;;;;;;;;;;;;628;1977-03-12;;;;;;;;;;;;;;;;;;;;;;;;;;"Porro reprehenderit numquam sapiente aut.";;888;;;;;;406;814;;;;;;;382;288;456;METER;;;;;;;;;;;;;;;;;;;;;;;;;;;;413;;;;;;;;;;;;;;;;;;;;;;;;;966;METER;;;;attr_opt_attr_911;;;;
id-498;fam_16;;;;;;;;;;;;;;;;;"Iusto sed reiciendis in officiis corrupti consequatur voluptatem.";;;;;;;;;;;;;;;;;;;;;attr_opt_attr_02;attr_opt_attr_01;;attr_opt_attr_258;;;;2004-07-29;;;;;;;;;;;;;;;;;;;;;;;;;;;;;;;;;1978-10-24;2009-07-08;;"Est dolores aut aliquam omnis amet nulla autem quo.";;;;;;;;;;;;;;;;attr_opt_attr_219;;;127;;;;;;;;;;;;;;;;;;0;;;171;;;;;647;METER;
id-499;fam_3;;;;;;;;;;;;;;;;;;;;;;;;;;;;;;;;;652;477;;;;;;;;attr_opt_attr_964;;;;;"Ea reprehenderit aliquid iusto sit iusto est delectus.";;;;;;;;;;;;;;;;;;;;;;;;;attr_opt_attr_233;;;;;;;;;;;;;;277;749;;;;;;;189;;;;attr_opt_attr_596;attr_opt_attr_590;;;;;;;;;;;;;;;;;;;;;;;;"Aperiam veritatis expedita modi quis architecto cum sit quasi.";;;518;METER;
id-500;fam_48;;;;attr_opt_attr_62;;;;;;;;;;;;;;;;;;;;;;;;;;;;;;;;;;;;;;;;;;0;;"Sint ut vel sit aliquam.";602;;;;;;;;1;;;;;"Quis expedita recusandae assumenda et quibusdam maiores sequi.";;;;;;;;;;;;;;;;;;;;;;;;;;;;;;;;;;;attr_opt_attr_217;attr_opt_attr_592;attr_opt_attr_598;;;;;;;;;;;;;;;;;;;;698;METER;;;;;;;;
id-501;fam_28;;;;;;;;;;;;;;;;;;;;263;;;;;;;;;;;;;;;;;;;;;attr_opt_attr_251;;;;;0;;;;;;;;;;;;;;723;METER;;289;323;;;;;;;;;;;;;;;;;;;;;;;;;;;;;;;;;;;;;1;;;;705;291;;;;;;;;;;;;;;;;;;;;;;
id-502;fam_7;;;;;;;318;175;;;;;;;0;;;;;;;;;;;;;;;;;;725;88;;;;;;;;;2006-04-22;;1978-04-13;;"Fugiat voluptatibus eveniet unde aut ut quia aut.";;;;;;;;;;;;;;;;129;460;;;;;"Natus rerum voluptas molestiae rerum velit architecto laboriosam sint.";;;;;;"Voluptas iusto voluptas omnis velit.";;;;;;;;;;;;;;;715;867;;;;;;;;;;;;;;;;;;;;;;;;;;;;;;;;;;;;;
id-503;fam_2;;;;attr_opt_attr_69;;;291;74;;;;;;;;;;;;675;;;;;;"Voluptatem et quis ut vitae voluptates quis.";;;;;;;;;;;;;;;;;;;;;;"Velit rem excepturi quasi itaque facilis suscipit.";;;;;;;;;;;;;;;;;;;;;"Et voluptatem occaecati iste occaecati autem ipsa unde.";;;attr_opt_attr_231;;;;;;;;;;;;;;83;234;;;270;935;;"Rem repellat vel voluptas.";;;;;;;;;;;;;;;;;;;;;;;;;;;;768;;;;;;;
id-504;fam_27;;;"Ut minima voluptatem id voluptatem doloribus.";;;;;;;;;;;;;;;;;;;;"Quis nesciunt natus sit error et sit officiis.";;;;;;;;;;;;177;;;;;attr_opt_attr_342;;;;;;;;;293;attr_opt_attr_634;;;;;;;;;;;;;;;990;METER;;;"Provident et recusandae eum est veniam eius.";;;;;;;;;;;;;;;attr_opt_attr_561;;;;832;METER;;;;;;;;;;;;;;;;307;463;78;843;;;;;;;;;;;;;;;;;;;;
id-505;fam_5;;;;;;;;;;;;;;;;;;;;;;;;;;;;;;;;;;;;;;;;;;;;;;;;;;attr_opt_attr_638;;;;;;;1;;;;;"Iure aut debitis aut et corrupti quia.";;;;;;;;;;;;;;;;;;;;;;;;;;;;;;attr_opt_attr_496;;;;;;;;;;;;;;;;;;;;0;0;196;METER;;;;937;METER;;;;;;;;
id-506;fam_13;;;;;;;;;;;;;;;;;;;;;;;;;;;;;357;;;;;;;;;;;;;attr_opt_attr_965;1974-08-02;;;;;;;;;;;;;;;;;;;"Sunt totam accusantium eos et dolores non.";51;737;;;;;;;;;;;;;;;;;;;;;;;;;;;;;;;;;;;;;;1;0;;;;;;;;;;;;;;;;;;;;;;;;;644
id-507;fam_17;;;;;;;;;;;;;;;;;;;;;;;;;;;;;;;;;621;766;;;;;;;;;;;;;;;191;;;;;;;;0;;;677;METER;;;;;;;;;;;;;;;;134;;;;;;;attr_opt_attr_569;;;;;;;;;"Facere iure perferendis aut.";;;;;;;;;;;;;;;;;;;;;799;METER;;;1;;;;;;;;;;
id-508;fam_43;;;;;0;;;;;;;;;;;;;;;;;;"Esse nulla et maiores.";;;;;;;;;;;;;;;;;;attr_opt_attr_255;;;;;;;;;;;;;;;;1;;;;;;;;;;;;;;;;;;;;;;;;;;;;;;;482;METER;;;;;;;;;;;;;;;attr_opt_attr_157;;;;;1990-03-20;;;;;721;METER;;;;;;;;"Dignissimos in rerum qui rerum sunt qui quis.";;;476;METER;
id-509;fam_0;;;;;;;;;;;;;;;;;;;;;;;;;;;;;;;;;;;;;;;;;;;;;;;"Dolorem aspernatur rerum eaque ut sit aut.";"Harum non eius sunt.";461;;;;;;;;;;;;;;;;95;METER;;;;;;;;;;;409;;;1991-11-20;;;;;;;;;;;;;;;;;;;;;;;;;;;;;;;;;;;;;;0;;;;;;;1;;;
id-510;fam_30;;;;;;;;;;;;;;;;;;;;;;;;;;;;;;;;;;;;;;attr_opt_attr_09;attr_opt_attr_04;;;;;;;;;;;;;;;;;;;;;;;;;;;;1979-07-28;;;;;attr_opt_attr_230;;;"Ratione dolorem qui ex qui.";;;;;;;;;attr_opt_attr_565;;;;;;;;;;;;;attr_opt_attr_219;;;;;;;attr_opt_attr_158;501;225;;;;;;;;;;;;;;;346;;"Vel exercitationem neque et velit natus et omnis.";;;;;746
id-511;fam_5;;;"Autem eligendi molestias occaecati.";;1;;;;517;METER;;;;;;;;;;;;;;;;;;;;;;;;;;;;attr_opt_attr_08;attr_opt_attr_09;attr_opt_attr_344;;;;;;;;;;;212;389;;;;;;;;62;METER;;141;350;;;;1986-09-22;;;;;;;;;364;;;;;;;;;;;;;;;;;;;;;;;;;;;;;;;;;;;;;;;;;;;;;;;;;;;
id-512;fam_25;;;"Nesciunt quas aut suscipit inventore quod perspiciatis.";;;;;;472;METER;;;;;;1;;;;;;;;;;;;;61;;;;;;;;;;;;;;;;;;;;;;;;;;;;;;;;;;;;;;1996-04-19;;"Blanditiis molestiae praesentium recusandae tempore dolore dicta voluptates fuga.";;;;;;;;;1975-04-14;1972-12-25;;;;631;;;;;;;;;;;;;;attr_opt_attr_210;attr_opt_attr_592;attr_opt_attr_599;;;;;;;;;;;;;;;;;;;;363;METER;;;;;;;;
id-513;fam_27;;;;;;;;;;;;;;;;;;;;;;;;;;;;;;;;;;;;;;attr_opt_attr_08;attr_opt_attr_03;;;;;;;;;;;;;;;;;;;;;;;;;;;;;;;;;;;;;;;2005-03-02;1998-04-13;;;;638;;;297;569;;;;;;;;;;;;;;;1;0;;;;;;;;;;;;;"Dolores et et voluptas delectus tempora.";;;;;;;;;;;;752
id-514;fam_46;;;;;;;303;772;;;;;;;;;;;;;;;;;;"Consequuntur non molestiae sed.";;;;;;;316;244;;;;;;;;;;;;;;;;;;;;;;;;;;;;;;;;;;1985-07-07;;;;;;1982-08-18;"Magnam maiores pariatur et et ipsam asperiores maiores.";;;1992-03-07;1979-03-15;;;;;attr_opt_attr_569;;;;;;;;;;806;;;;;;;;;;;;;;;;;;1;1;;;;;1;;;;;;;;;;
id-515;fam_3;;;;;;;;;;;;;;1;;;;;;;;;;;;;;;;;;;;;;;;;;;;attr_opt_attr_962;;;;;;;;;;;;;;;;;;;;;;;;;;;;;;attr_opt_attr_234;;;;;;;;;;;;;;;;;;980;77;;;273;246;METER;;;;;;;;;;;;;;;;;;;;;;;;;;;"Et reiciendis quia aliquam non.";;;;;
id-516;fam_11;;;;attr_opt_attr_63;;;268;457;;;;;;;;;;;;;;;;;;"Dolore voluptatibus blanditiis et modi repellat voluptas.";;;;;;;;;;;;;;;;;;;;;;;;;;;;;;;;;;;;;;;;;;2005-09-27;;;;;;;;;;;;;"Sit quae sit non facere.";;;;;;;;;;;attr_opt_attr_490;;;;;;;;;;;;;32;45;;;;;;;;;;;;;;;;;;;;;;223
id-517;fam_31;;;;;;;;;;;;;;;;;;;;480;;;;;;;;;;;;;;;;;;;;;;;;;;;;;;;;;;;;;1;;;;;"Cupiditate repellendus quidem iusto.";;;;;;;"Totam perferendis aut ex odit et saepe modi.";;;;;1991-05-13;;;107;;;;;;;;;224;346;567;METER;;;;;;;;;;;;;;;;;;;;1997-07-25;;;;;;;;;;;;;;;;;;;
id-518;fam_26;;;;;;;;;;;;;;;1;;;;;215;;;;;;;;;927;;;;;;;;;;;;;;;;;;;"Ut a recusandae optio ipsam non.";;;;;;;;;;;;259;METER;;;;;;;;;;;;;;;;;;;;;;;;;;;;;;;attr_opt_attr_494;;;;;;;;438;0;;;;;;;;;;;;;;;;;;;;;;;;;;;354
id-519;fam_13;;;;;;;;;;;;;;;0;;"Quos sit dolorem consequatur distinctio molestiae at.";;;;;;;;;;;;;;;;;;;;;;;;attr_opt_attr_254;;;;;;;;;;;;;;;;;;;;;;;;;;;1995-06-27;;;;attr_opt_attr_236;;;;;;;;;;;;;;;;;;;;;;;308;METER;;;;;;;;;;;;;;;;;;;;"Vel dolorum delectus itaque iusto.";;;;;;;;;;;;
id-520;fam_18;;;;;;;;;;;;;;;;;"Iusto eligendi tempore sint quisquam est consequuntur voluptas.";;;336;;;;;;;;;;;;;;;;;;;;;;attr_opt_attr_967;;;;;;;;attr_opt_attr_632;;;;;;;;;;;;;;;;;;;;;;;;;;;;;;;;;;;;;;;;;;;;774;;;;;;;;;;;;;584;239;2004-01-21;;;;;;;;;1;;;;;;;;;;
id-521;fam_45;;;;attr_opt_attr_61;;;;;890;METER;;;;;;;;;;;;;;;;;;;;;;;;;;;;;;;;;;;1991-11-13;0;;;;;854;268;;;;;;;;;;;;;;;;;;;;;;;;;;;;;;;;;;173;554;;;;;attr_opt_attr_493;;;;;;;;;;;;;;;;;;;;;;;;"Officiis qui repellendus ratione eligendi iste.";;;804;METER;244;;;;;;;
id-522;fam_19;;;;;;;;;;;;;;;;;;"Numquam adipisci praesentium est blanditiis eum minus ut natus.";"Beatae qui vel qui est ea dicta tempore.";;;;;;;;;;;;;;542;296;;;;;;;;;;;;;;;;;;;;;;;;;;20;METER;;;;;;;;;attr_opt_attr_526;;;;;;;;;;1991-07-17;;;;;;;;;;;;;;;;;;;;;;;;;;;33;695;;;;;;;;;;;;;;;;;;;;
id-523;fam_32;;;;;;;;;;;;;;;0;;"Eligendi quia qui dolorem sequi ullam consectetur architecto ut.";"Voluptas nulla dolorem rerum quibusdam et beatae.";"Temporibus sint enim odio quidem vero quia dolores.";;;;;;;;;;;;;;;;;;;;;;;;;;;;;;135;;260;235;;;;;;;;;;;;;;;;;;attr_opt_attr_528;;;;;;;;;;;;;;;;;;;;469;125;;;;;;;;;;;;;;;;;;;;;;;;;;;;;;185;;;;;;;
id-524;fam_11;;;;;;;884;721;485;METER;;;;;0;;;;;;;;;;;;;;;;;;;;;;;;;;;attr_opt_attr_968;;;;;;;;attr_opt_attr_637;;;;;;;;;;;;;;;;;;1997-12-30;;;;;;;"Quidem rem soluta qui autem accusamus accusantium.";;;;;;;;;;;407;818;;;;;;;;;;;;;936;;;;;;;;;;;;;;;;;;;;;;;;;;;;768
id-525;fam_40;;;;;;;;;;;;;;;;;;;;620;;;"Distinctio voluptas non soluta voluptatem.";;;;;;;;697;METER;;;;;;;;;;attr_opt_attr_962;2007-04-06;;;;;;;;;;;;;;1;;;;;;;;;;;;;;;;;;;;819;;;2005-10-15;;;723;;;;;;;;;;;;;;;;;;;;;;;;;;;;;;;;;;;0;;;;"Assumenda velit ut velit sed ipsum.";;;;;;584
id-526;fam_42;;;"Quo quos atque ea perspiciatis ad a excepturi.";;;;;;;;;;;;;;;;;;;;"Est exercitationem aut corrupti tempore quis.";;;;;;;;;;866;75;;;;;;;;;1971-08-05;;;;;;;attr_opt_attr_638;;;;;999;476;;2016-03-18;1997-02-05;;;;;;;;;;;;;;;;;;;;;;;;;;;;;267;METER;;;;;631;;;;;;;;;;;;;;;;;;;;;;;;;482;METER;;;;;;;;
id-527;fam_39;;;;;;;;;;;;;;0;;;"Provident occaecati sequi iste iure.";;;;;;;;;;;;;;;;;;867;;;;;;;;;;;;;;;;;;;;;;;1980-05-21;2016-05-26;;;;;;;;;;;;;;;;;;;;;;;;;;;;;;;;;;;;;;;;;;;;;;;;;;;;;0;0;;;;;0;;;;;"Sunt soluta eos et.";;;;;
id-528;fam_46;;;;;;;848;396;;;;;;;;;;;;;;;;;;;;;;"Eius ut dolor qui ratione porro.";;;;;;;;;;;;;;;;;;;;;;;;;;;;;;;;;224;945;;;;;"Minima voluptate enim error omnis in rerum tempore.";;;;;;"Maiores molestiae consequatur mollitia quia.";0;;;;;;;;;;;;;;;;;;861;;;;;;;;;;;;;;;;;;;;;;;;;;;;;;;;;;706
id-529;fam_5;;;;;1;;106;136;;;;;;;;;;;;;;;;;;;;;;;;;;;;;;attr_opt_attr_06;attr_opt_attr_02;attr_opt_attr_340;;;;;;;;;;;727;524;;;;;0;;;;;;;;;;;;;attr_opt_attr_527;;;;;;;559;;;;;;;;;;;;;;;;;;;;;attr_opt_attr_598;attr_opt_attr_599;;0;;;;;;;;;;;;;;;;;;;;;;;;;;;
id-530;fam_39;;;;attr_opt_attr_61;;;;;;;;;;;;1;;;;;;;;;;;;;;;;;;;;;;;;;;;;;;;;;;;;;;;;;;;;;;;;;;;;;;;;;;1975-10-27;"Iure veniam doloribus soluta laboriosam ut.";;;;;;;;;;;;;;;;;;;;;;;;;;;;;attr_opt_attr_157;;;;;;;;;;779;METER;;;;;;;;"Sint exercitationem similique eos sed temporibus nisi ipsa.";;;;;
id-531;fam_41;;;;;;;;;182;METER;;;;;;;;;;;;;"Ullam id quia sunt enim numquam.";;;;;;;;;;160;139;;;;;;;;;;;;0;;;950;;;;;;;;;;;;;;;;;;;;;;;;;;;;;;;;;;;;;;;;;;;;;;584;METER;attr_opt_attr_218;;;;;;;;;;;;;;;;;;;;;;;;;"Consequuntur a qui in sint repudiandae exercitationem libero.";;;;;;
id-532;fam_28;;;;;;;;;329;METER;;attr_opt_attr_644;;;;;;;;;;;;;;;;;231;;;;343;680;;;;;;;;;;;;;;;;;;;;;;;;;;;;;;;;;;;;;;;;;;;195;;;;;;;;;287;374;;;;;;;;;;;;;;;0;1;;107;538;;;2009-03-05;;;;;;;;;;;;;;;;;;;
id-533;fam_20;;;;;;;;;;;;;;;;;;;;;2008-05-05;;;;;;;;;;;;773;341;;;;;;;;;;;2005-07-06;;;;;;;;;;;;;;;;;;;;;;;;;attr_opt_attr_521;;;;;"Voluptatem hic explicabo inventore voluptatem.";;;;;;;;;;;;;;;;;;;;;;attr_opt_attr_210;;;;;;;;;;;;1977-04-19;;;;;;;;;;;;;"Voluptatem ut et sapiente nobis libero in.";;;;754;METER;
id-534;fam_12;;;"Est harum at corrupti est.";;;;;;;;;;;;0;;"Exercitationem vel totam adipisci sunt ipsa eos quia.";;;;;;;;;;;;;;;;261;756;;;;;;;;attr_opt_attr_967;2006-09-21;;;;;;;;;;;;;;;;;;;;;;;;;;;;;;;;;0;643;;;;;;;;;;;;;43;424;;;;;;;;;;;0;0;;;;;;;;;;;83;METER;;;;;;;;;;;;;
id-535;fam_30;;;;;;;;;;;;;;;;;;"Fuga aut quisquam quibusdam nesciunt omnis.";"Rem placeat est et id et.";;;;;;;;;;;;;;;;;;;;;attr_opt_attr_344;;;;;;;;"Incidunt enim debitis ut praesentium.";;;;;;;;;;;;;;;;;;;2010-07-19;;;;;;;;;;644;;;;;;;;;;;;;;;;;;;;;;;;;;;attr_opt_attr_158;;;;;;;;;;;;;;;;;;;;;0;;;
id-536;fam_11;;;;;;;;;;;;;;;;;;;;321;;;;;;"Quam aliquid eos omnis.";;;;;;;;;;;;;;;;;;;;;;;;;;;;;231;899;;;;;;;;;;;;2005-12-15;;;;;;;"Illum recusandae ut eos labore ut.";;;;;;;;;;;;;;;916;697;;;;;;;;;;;0;1;;;;;;;;;;;;;;;;;;759;;;;;;;
id-537;fam_12;;;;;;;;;;;;;;;;;;;;;;;;;;;;;;;;;;;;;;;;;;;;;;;;;;;;;;;;;;;;;;;;;702;METER;1975-05-25;2009-12-28;;;;;;;;;;1995-07-16;1976-01-15;;;;;;;;;;;988;169;;"Repudiandae nam totam aut vel non architecto est.";;;;;;;;1;;;attr_opt_attr_159;;;;;;;;;;;;;;;;;;;;;;;;
id-538;fam_14;;;;attr_opt_attr_64;;;;;;;;;;;;;;"Omnis nihil nobis et quas dicta.";"Nam ea tempora et.";;;;;;;;;;;;;;;;;;;;;;;;;;;;;;;;;;;;;;;;;;;;;;;;;;;;;;;;;;;;;;;;;;;275;315;;;;;attr_opt_attr_499;"Natus eveniet suscipit necessitatibus maxime.";;;;;;;;;;;;;;;;;;;1;1;530;METER;;;;;;;"Quia vitae et reprehenderit exercitationem facere quo.";;;;;;303
id-539;fam_39;;;;attr_opt_attr_62;;;;;;;;;;;0;0;;;;;;;;;;"Vel dolor perferendis consequatur architecto.";;;;;;;;;;;;;;;;;;;;;;;;;391;194;;;;;;;;;;;;;;;;;;;;;;;;0;;;;;;;;;;;;;;685;220;;;34;586;METER;;;;;;;;;;;;;;;;1;1;;;;;;;;;;;;;;;
id-540;fam_43;;;;;;;;;12;METER;;;;;;0;"Fugit quo rerum ab animi quisquam nihil nam.";;;;;;;;;;;;;;;;;;;;;attr_opt_attr_04;attr_opt_attr_08;;attr_opt_attr_255;;;;2011-11-17;;;;;;;;;;;;;;;;;;;;;;;;;;;;;;"Animi officiis est nesciunt consectetur similique.";;;;;;;;;;;;;;;;;;;;;;;attr_opt_attr_594;attr_opt_attr_592;;;;;;;;;;;;;1;1;943;METER;;;;;;;;;;;;;
id-541;fam_7;;;;;;;738;509;735;METER;;attr_opt_attr_644;;1;;;;;;;;;;;;;;;;"Et esse explicabo optio totam velit inventore.";;;;;;;;;;;;;;;;;;;;;;;;;;;;;;;;;;;246;METER;;;"Explicabo excepturi rem sit libero id.";;;;;;;;;;;1990-10-12;;;;;;;;;;;;;;822;;;;;;;;;;;;;;;;;;;;;;;;;;;;;;;;;;
id-542;fam_30;;;"Consequatur et sed inventore qui distinctio laborum.";;;;;;;;;;;;;;;"Vel rem consequatur ipsam.";"Enim dolor laborum est rerum aut.";;;;;;;;;;;;;;;;;;;;;attr_opt_attr_347;;;;;;;"Nesciunt reprehenderit alias sit illo quos distinctio et.";;;;;;;;;;;;;276;METER;;;;;;;;;;;;;;;1;311;;;;;;;;;;;;;;;;;;;;;attr_opt_attr_593;attr_opt_attr_597;384;;;;;;;;;;;;;;;;;;;;;;;;;1;;;516
id-543;fam_38;;;;;;;;;;;;;;;;;;;;516;;;;;;;;;;;;;502;897;;;;;;;;;;;2011-11-12;;;"Sapiente ipsa aliquam laborum a sint iusto ab.";;;;;;;;;;;;;;;;;664;METER;;;"Autem mollitia nostrum ratione error et.";;;;;;;;;;;;;;;;;;;163;METER;;;;"Sunt officiis dolore repellendus laborum.";;;;;;;;;;;;;;;;;;;;;;;"Necessitatibus eum a aliquid quos doloribus.";;;;;;;;;;;;
id-544;fam_11;;;;;;;;;;;;;;;;;;"Non mollitia minus dolores.";"Voluptas impedit incidunt dolor autem quod cum error.";;;;;;;"Sed ad nemo temporibus qui incidunt totam quae.";;;;;;;;;;;;;;;;;;;;;;;;;;;;;84;197;;;;;;;;;;;;;"Non ab et et et qui ipsam nemo.";;;;;;;;;;;;;;;;;;;;;;;;;;26;METER;;;;;;;;;;;;;;;;;;;;;;;;;;;;;0;;;
id-545;fam_37;;;;;;;;;;;;;;;;;;;;;;;;;;;;;;;;;;;;;;attr_opt_attr_04;attr_opt_attr_02;;;;;;;0;;;;attr_opt_attr_632;;;;;;;;;;;;;636;134;;;;;;;;;;2006-03-31;;;;1989-05-05;1971-08-12;;;;;attr_opt_attr_564;;;;;;;;;;;;;;;;;;0;1;;799;744;;;;;;;;;;;;;;;;;;;;;;
id-546;fam_29;;;;;;;;;660;METER;;;;;;;;;;;;;;;;;;;;;;;;;;;;;;;;;;;;;;;;;;;;;;;0;;;;;"Et aut et non ea et ducimus.";;;628;METER;;;;;;attr_opt_attr_234;;;;;;;;;;;952;;;;;;;;;;;;;;;attr_opt_attr_598;attr_opt_attr_598;;;1;0;;;;;;;;;;;;;;;;;;;;;;;;;
id-547;fam_15;;;;;;;;;;;;;;;;;"Porro non quia ipsum doloribus at quibusdam et.";;;634;;;;;;;;;;"Voluptatem architecto dolores dolor.";;;;;;;;;;;;;;;1980-02-19;;;;;;;;;;;;;;;;;"Est eius id quis sed quae blanditiis.";;;;;;;;;;;;;;1;;;;;;;;;;;;;;;;;"Omnis qui nihil et perspiciatis quisquam magni.";;262;METER;;;;;;;;;;;;;1973-09-14;;;;;;;;;;;;;"A molestias non voluptas.";;;;;;
id-548;fam_26;;;;;;;;;250;METER;;;;;;;;;;;;;;;;;;;;;;;;;;;;;;;;;;;;;;;;attr_opt_attr_631;;;;;;;;;;;;;;;;;;1993-10-06;;;;;;;;;;;;;;;;;;;;601;METER;;;attr_opt_attr_497;;392;;;;;;;;;;;;;;;;;;;;;;;;;;;;;;;;;;
id-549;fam_15;;;;;;;;;;;;;;;;;;;;;;;;;;;;;;;;;;;;;;;;;;;;;;;;;;attr_opt_attr_633;;;;;281;514;;;;376;METER;"Velit quia omnis velit natus eum in perspiciatis.";;;;;;;;;;;;;;;;;;;;;;;;;;;;;;;"Nihil nisi unde sapiente qui.";;;;;;;;;;;;;;;;;;;;;;;;;;;;;"Debitis repudiandae id dolor doloribus.";;;;;;
id-550;fam_41;;;"Quia vel minus excepturi consectetur molestiae reiciendis et dicta.";attr_opt_attr_64;;;;;;;;;;;;;;;;;;;;;;;;;;;;;;;;;;;;;;;1976-07-16;;;;;;;;;;;;;;;;;;;;;;;;;;;;;;;;"Nam aut modi deleniti est.";;;;;;;;;;;;;;;;;attr_opt_attr_496;;;;;attr_opt_attr_219;attr_opt_attr_591;attr_opt_attr_592;;;;;;;;;;;;;;;;;;;;;;;;;attr_opt_attr_919;;;;
id-551;fam_18;;;;;;;;;;;;;;;;;"Est ut et numquam ut ut voluptas deleniti.";;;344;;;;;;;;;;;;;240;104;;;;;;;;;;;;0;;;;;;;;;;;;;;;;;;;;;;;;;;;;;;;;;;;;;;attr_opt_attr_560;;;;;;;;;;;;;attr_opt_attr_219;;;;;;;;;;;;;;;;;;;;;;;;;;;;;202;METER;
id-552;fam_21;;;"Incidunt molestiae excepturi cum quis aut.";;;;;;361;METER;;;;;;;;;;;;;;;;;;;;;;;;;;;;;;attr_opt_attr_349;;;;;1986-01-16;;;;;;;;;;;;;;;;;;;;;;;2005-06-28;;;;;;;;;180;;;;"Aliquam praesentium deleniti tenetur autem.";;;;;;;;;;;;;;;;;;;;;;;;;;;;;;;;;;;"Sunt ut delectus quam rerum.";;;;;;"Aut natus quia nisi sequi nihil voluptatem.";;;1;;;487
id-553;fam_30;;;;;;;;;;;;;;;;;;;;;;;;;;;;;;;;;;;;;;;;attr_opt_attr_341;;attr_opt_attr_965;;;1991-07-14;1;;;;;;;;;;;;;;746;METER;"Ipsam nemo harum quos quo quae dolor ut.";;;;;2010-12-31;;;;;attr_opt_attr_231;;;;0;;;;;;;;;;;;;;;;;;;;;;;;;;;;;;;;;;;;;;614;METER;;;;;;;;;;;;;
id-554;fam_24;;;;;;;;;;;;;;;;;;;;;;;;;;;;;;;;;371;863;;;;;;;;;;;;;;;;;;;;;766;975;;;;;;;;;;;;;;;;;;;;0;;;;;;;426;;;;;;;;;;;;;;;;;;;;;;;;;;1975-07-25;;;;;;;;;;;;;;;attr_opt_attr_919;;;;897
id-555;fam_44;;;;;;;;;;;;;;0;;;;;;;;;"Vel corrupti laborum velit molestiae.";;;;;;;;;;;;;;;;;;;;;;;;;;;attr_opt_attr_632;;;;;829;454;;1993-03-01;1973-09-02;;;;;;;;;;;;;;;;;;;;;;;;;;;;;;;;;;;;;;;;;;;;;attr_opt_attr_157;;;543;528;1993-03-08;;;;;;;"Consequatur provident magnam dolorem provident dicta veritatis.";;;;;;;;;;;;
id-556;fam_7;;;;attr_opt_attr_68;;;;;;;;;;1;;;;;;;;;;;;;;;;"Libero et inventore itaque nam expedita qui et rerum.";;;;;;;;;;;;;2012-12-08;;;;;;;;;;;;511;950;;;;;;;;;;;;;;;;;;;;;;1983-12-19;2011-08-15;;;;;;;;;;;;;;;;;;;;;;;;;;;;;;;;;;;;;;;;;;;;;attr_opt_attr_913;;;;
id-557;fam_25;;;;;;;;;;;;;;;;;"Et saepe tenetur deserunt architecto.";;;;;;;;;;;;488;;;;;;;;;;;attr_opt_attr_347;;;;;;;;;;;;;;;;;;;;;;;;;;;2015-07-01;;"Et autem dignissimos minus deserunt.";;;;;;;;;;;;;;;;;;;;;;;;;;;;;attr_opt_attr_592;attr_opt_attr_591;;;;;;;;;;1972-07-15;;;;;;;;;;;;;;;;;;;
id-558;fam_32;;;"Repellendus dolorum possimus vitae.";;;;;;;;;;;0;;;;;;;;;;;;;;;;;;;;;;;;attr_opt_attr_03;attr_opt_attr_08;;;;;;;1;;;;;;;;;;;;;;;;;;;;;1972-11-17;;"Voluptas nobis molestiae voluptatum dignissimos adipisci neque porro dignissimos.";attr_opt_attr_522;;;;;;1;;;;;;;;;;;;;;;;;;;;;;;;;0;;;;;;829;245;;;;1;0;;;;;;;;;;;;;;;
id-559;fam_37;;;;;;;;;;;;;;;;;;"Soluta incidunt vel vero quasi.";"Aspernatur ducimus corrupti tempore expedita rem eum.";243;;;;;;;;;;;;;;;969;;;;;;attr_opt_attr_252;;;;;;"Illum eum asperiores laboriosam fuga.";;;;;;;;;;0;;;;;;;;;;;;;;;;;;;;98;;;;;;;;;;;933;METER;;;;;;;;;;;;;;;;;;;;;;;;;;;;;;;;;;;;;;;
id-560;fam_17;;;;attr_opt_attr_61;;;;;;;;;;;;;;;;;;;;;;;;;;;;;;;;;;;;;;;;;;1;;;;;;;;;;;;;;;;;;;318;METER;;;;;;attr_opt_attr_235;;2000-12-20;;;;;;;;;;attr_opt_attr_569;;;;;;;;;;;;;;;;;;;;;;;;;;;;;;;;;;1;;;;;;;;;;
id-561;fam_6;;;"Soluta possimus aut expedita ab.";;;;;;;;;attr_opt_attr_643;;0;;;;"Facilis harum praesentium quibusdam reprehenderit.";"Ut et similique ea sint ducimus in tempore.";;;;;;;;;;;;;;;;;;;;;;;;2013-03-22;;;;;;;;;;;;;;;;;;;;;;;;;;;;;;;;;;;1979-06-07;2002-05-07;;;;;;;;;;;;;;;;;;attr_opt_attr_211;;;;;;;;;;;;;;;;;;;;;;;;;"Tenetur facilis porro consequuntur numquam nesciunt ex.";;;;;;
id-562;fam_22;;;;;0;;;;413;METER;;;;;;;;;;;;;;;;;;;;"Ut nulla corrupti quia omnis.";;;;;;;;attr_opt_attr_09;attr_opt_attr_02;;;;2009-05-11;;;;;"Quasi eveniet et commodi sunt saepe ut et.";;;;;;;;;;;;;;;;;;;;;;;;;;;;;594;;;;;;;;;;;249;METER;;;;"Necessitatibus sunt ea velit consequatur impedit rerum.";;;;;;;458;;;;;;;;;;;;;;;;;;;;;;;;;;;;
id-563;fam_13;;;;;;;624;333;;;;attr_opt_attr_644;;;;;;;;;;;;;;"Et facilis quo natus soluta culpa qui.";;;;;;;192;784;;;;;;;attr_opt_attr_254;;;;;;;;;;;;;;;;;;;;;;;;;;;;;;;;;;;;;1997-01-28;1981-04-09;;;;;;;;;;;;;;;963;;;;;;;;;;;;;;;;;;;;;;;;;;;;;;;;;;
id-564;fam_5;;;"Ut doloremque velit et ex aliquid rerum asperiores.";;;;986;266;;;;;;;;;;"Est eum error quasi earum exercitationem consequatur et.";"Perferendis blanditiis libero asperiores quod maiores doloremque aperiam non.";;;;;;;;;;;;;;;;;;;;;;;;;;;;;;;;;;;;;;;;;;;;;;;;1987-02-01;1994-11-21;;attr_opt_attr_525;;;;;;;;;;1992-07-11;;;;;;;;;;;;;;;;;;;;;;;;;;;;;;;;;;;;;;;266;METER;;;;;;;;
id-565;fam_8;;;"Omnis id aut nisi eos beatae et.";;;;778;620;;;;;;;;;;;;;;;;;;;;;;;;;308;651;;;;;;;;;;;;;;;;;;;;;;;;;;;;;;;;;;;;;;;;;;;;1990-01-18;2011-05-16;;;;868;;;;;;;;;attr_opt_attr_491;;;;;;;;;;;;attr_opt_attr_154;;;;;;;;0;0;;;;;;;;;;;;;;;
id-566;fam_30;;;;;;;;;;;;attr_opt_attr_644;;;;;;;;;;;;;;;;;;;;;;;;;;;;;attr_opt_attr_258;;;;;;;;;;;;;;;;;;;;;"Ut quis doloremque facere dicta rerum.";;;;;;;;;;;;;;;710;;;;;;;;;;;;;;;;;;;;attr_opt_attr_218;;;;;;;attr_opt_attr_159;496;451;;;;;;;;118;METER;;;;;;;;;;;;;
id-567;fam_45;;;;;;;;;617;METER;;;;;;;;;;;;;;;;;;;413;;190;METER;;;;;;;;;;;;;;;;;;;675;974;;;;;;;;;;;;;;;;;;;;;;;;;;;;;;;;;;312;458;;;;;;"Consequatur quisquam aut saepe rerum corrupti ullam.";;;;attr_opt_attr_215;attr_opt_attr_596;attr_opt_attr_593;731;;;;;;;;;;;;;;;;"Aliquid qui esse velit quam rem nesciunt nulla.";;1;;;;;;;;;;
id-568;fam_9;;;;;;;;;;;;;;;0;;;;;;1975-03-30;;;;;;;;;;;;;;;;;;;;;;;;;;;;;;;;;;;;;;;;;;;;;;;;;;;;;1986-11-05;"Reprehenderit dolor ut pariatur eligendi aspernatur et aperiam aut.";;829;;;;;;;;;;;;;;;;"Cupiditate quaerat expedita sed maxime velit et earum.";;479;METER;;;;85;;;;;;;;;;;;;;;;;;;;;;;;;;;;
id-569;fam_5;;;;;0;;;;;;;;;;;;;;;;;;;;;"A ut sequi itaque numquam quia cum itaque.";;;627;;;;;;;;;attr_opt_attr_08;attr_opt_attr_00;attr_opt_attr_343;;;;;;;;;;;;;;;;;;;;183;METER;;572;361;;;;;;;;attr_opt_attr_235;;;;;;2012-03-12;2000-08-13;1985-05-18;;;;;;;;;;;;;;;;;;;;;;;;;736;650;;;;;;;;;;;;;544;METER;;;;;;;;
id-570;fam_23;;;;;;;;;454;METER;;attr_opt_attr_642;;;;;;;;674;;;;;;;;;;;;;;;;;;;;attr_opt_attr_348;;;1985-10-09;;;;;;;;;;;;;;;;;;;;;;;;;;"Consectetur veniam eaque possimus iste ut sapiente sed.";;;;;;;;;;;2005-04-27;"Debitis quis et iusto est.";;;;;;;;;;;;;;;;;;;;;;;;;;;;;;;;;;;;;;;;;"Qui libero sunt alias fuga facilis corporis earum.";;;;;;
id-571;fam_3;;;;;;;;;;;;;;;;;;;;;;;;;;;;;;"Ut suscipit tempore ipsum quos.";;;;;;;;;;;;;;;;;"Aut temporibus quos iste et aliquid repudiandae.";;;;;;;;;;;;;;;"Assumenda quo voluptatem aut qui mollitia.";395;460;;;;2007-11-21;;;;;;;;;;;;;;;;;;;;;;;;attr_opt_attr_499;;;;;;;;;;;;;;;866;37;;;;;;;;;;;;;;;;;;;;
id-572;fam_28;;;;;;;156;794;;;;;;;;;;;;;1994-12-04;;;;;;;;;;676;METER;;;684;;;;;;;;;;;;;;;;;;;;;;;;;;;;840;673;;;;;;;;;;;;;;;;;;;642;attr_opt_attr_569;;377;242;;;;;;;;137;METER;;;;;;;;;;;;;2015-08-15;;;;;;;;;;;;;;;;;;;
id-573;fam_34;;;;attr_opt_attr_65;;;;;;;;;;;;;;;;;1995-07-08;;;;;;;;;;;;;;;;;attr_opt_attr_02;attr_opt_attr_08;;;;;;;;;;;;;;;;;;;1999-01-17;2007-05-18;;;;;;;;;;;;;;;;;;;2002-08-05;1999-09-14;;"Atque molestias laboriosam inventore exercitationem.";;;;;;;;;;;;;;;;;;;;;;;;;;;;;;;;;;;;;;;;;;;;0;;;
id-574;fam_16;;;"Consequatur et nesciunt deserunt eos ratione doloribus quo.";;;;;;468;METER;;;;;0;1;"Voluptatem quo enim officiis nostrum.";;;;;;;;;;;;176;"Quia harum consequatur illum atque ut repellendus.";;;;;;;;;;;attr_opt_attr_257;;;;;;;;;;;;;;;;;;;;;;;;;;;;;;;;;;;;;;;;;;;;;;;;;;;;;;;;;;;;;;;;;;395;926;;;;;;;;;;;;;;;;;1;;;
id-575;fam_36;;;;;;;;;;;;;;;;;"Sit rerum ea deleniti ut animi iure quas sed.";;;;;;;;;;;;;;;;;;;;;;;;;;;;;1;;;;;;;;;;;;;;;;;;;;;;;;;;;;;;;;1997-09-20;1976-10-29;;"Odio consequuntur voluptatem in.";;;;;;;;;;;;;220;;;;;;;;;;;;;;;;;;;;;;;;;;;497;;"Officia ad dolores ab voluptatem officiis corrupti.";;;;;
id-576;fam_9;;;;;;;;;;;;;;;;;;;;;;;;;;;;;;;;;747;835;;;;;;;;;1977-02-21;;;1;;;;attr_opt_attr_634;;;;;;;;;;;;;960;530;;;;;;;;;;;;;;;;;;;;;;;;;;;;;;;;;attr_opt_attr_210;;;;;;;;;;;;;;;;;450;METER;;;;;;;"Aut repellendus veniam placeat ut in veritatis distinctio.";;;;;;
id-577;fam_17;;;;attr_opt_attr_62;;;;;;;;;;;;;;;;;;;;;;;;;;;;;;;;;;;;;;;1983-07-12;;2014-09-15;;;;;;;;;;;;;;;;;;;;283;METER;;;;;;attr_opt_attr_230;;;"Qui dolore dolores eius accusamus velit.";;;;;;"Deleniti qui consequuntur voluptatum.";;;;;;;;;;;;;;;;;;;;;0;0;attr_opt_attr_158;;;;;;;;;;;;"Sit sint qui illo quas sed consequatur.";;;;;;;;;;;;
id-578;fam_31;;;;;;;876;419;;;;;;;;;;;;442;;;;;;;;;;;642;METER;;;983;;;;;;;;;;;;;;;;;;;;;;;2006-11-20;1999-06-25;;;;;;;;;;;;;;;2007-08-10;;;251;;;;;;;;;714;891;;;;;;"Ab velit dolor eos aut ut facilis.";;;;;;;;;;;;;;;;;;;;;;;;;;;;;;;;;;;
id-579;fam_0;;;;;;;;;;;;;;;;;;;;;;;;;;;;;;;;;;;789;;;;;attr_opt_attr_348;;;;;;;;;;;;;;;;;;;;;;;;;;;;;;attr_opt_attr_525;;;;2003-08-18;;;;1995-06-07;1987-02-24;1999-11-30;;;;attr_opt_attr_568;;;;;;;;;;;;;;;;;;;;;;;;;;;;1;1;;;;;;;;;;;;;;;
id-580;fam_15;;;;;;;458;748;;;;;;;;;"Eos alias aut eligendi.";;;;;;;;;;;;;;730;METER;;;;;;;;;;;;;;0;;;;;;;;;;;;;;;;;;;;;;;;;;;;;;;770;;;;;;444;;;;;453;METER;;;;;;461;METER;;;;;;;;;;;;;;;;;;;;;;;;;461;;;;;;;
id-581;fam_6;;;"Et dolor et exercitationem et possimus iusto soluta.";;;;;;;;;;;;1;;;;;;;;;;;;;;;;;;;;;;;;;;;;;;;;;;827;;;;;;;;;;;;;;;;;;;;;;;;;;;;;1986-10-23;2014-01-29;;;;;;;;;46;METER;;;;;;;;attr_opt_attr_210;;;;1;;;;;;;;;;;;;;;;;;388;METER;;;;;0;;;
id-582;fam_41;;;;;;;;;64;METER;;;;;;;;;;;;;;;;;;;;;;;;;;;;;;;attr_opt_attr_253;attr_opt_attr_965;;;;;;;991;attr_opt_attr_639;;;;;670;588;;;;;;;;;;;;;;;;;;;;;;;;;;;;;;;;;;144;741;attr_opt_attr_491;"Nam dolores dicta eius minus beatae blanditiis.";;;;attr_opt_attr_218;;;;;;;;;;;;;;;;;;;;;;;;;;;;;;;
id-583;fam_35;;;;;;;;;517;METER;;;;;;;;;;;;;;;;;;;;"Error omnis esse quis vel quas illum.";638;METER;;;;;;;;attr_opt_attr_347;;;;;;;;;;;;;;;801;113;;;;;;;;;;;;;"Rerum enim minima voluptas temporibus nostrum ex.";;;;;;;;;;;;;;;;;;;;;;;;;;815;METER;;;;;;;;;;;;;;;;;;;;;;;507;METER;;;;;;;;
id-584;fam_42;;;;;;;;;;;;;;;;;;;;;;;;;;;;;;;;;;;;;;attr_opt_attr_07;attr_opt_attr_03;;;;;;;1;;;328;;;;;;;;;;;736;METER;;;;191;METER;;;;;;;;;;;;;;;"Et vel quia aut in molestias blanditiis.";;;;;;;;;;;;;;624;METER;;;;;;;;;;;;;;;;;;174;METER;;;;;;;;;;;;;
id-585;fam_18;;;;;;;;;;;;;;;;;"Adipisci voluptatibus non corporis.";;;388;;;;;;;;;;;;;;;;;;attr_opt_attr_08;attr_opt_attr_02;;attr_opt_attr_252;;;;2011-05-31;;;;;;;;;;;;;;;;;"Architecto aliquam quo autem fugiat.";;;;;;;;attr_opt_attr_529;;;;;;;;;;;;;;attr_opt_attr_569;;;;13;METER;;;;;;;;attr_opt_attr_215;;;;;;;;827;765;;;;;;;;;;;;;;;;;;;;;;
id-586;fam_25;;;;;;;;;;;;;;;;;"Debitis vitae impedit distinctio quaerat molestiae et quia debitis.";;;;;;;;;;;;;;;;;;;;;attr_opt_attr_09;attr_opt_attr_01;;;;;;;;"Magni minus recusandae in dolores ipsam corporis.";;;;;;;;729;97;;;;;;;218;651;;;;;;;;;;;;;;;;;;;357;;;;;;;;;;;765;;;;;;;;;;;;;;;;;;;;;;;;;;;;;;;;;;
id-587;fam_35;;;;;;;;;;;;;;;1;;;;;;;;;;;;;;;;;;;;;;;;;;;attr_opt_attr_968;;;;0;;;;;;;;;;;;;;;;;;;397;METER;;;;;;;;;;1;;;;2005-06-23;;;;;;;;;;;;attr_opt_attr_496;;;;;;;;;;;;;;;;;;;;;;;;;;;;;548;;;;;;;
id-588;fam_48;;;;;;;;;;;;;;;;;;"Est natus veritatis provident reprehenderit qui tempora.";"Et omnis eum aliquam officiis dolorem.";;;;;;;"Et praesentium provident voluptates.";;;;;473;METER;;;;;;;;;attr_opt_attr_253;;;;2000-10-15;;"Minima ratione sit et ullam commodi.";;;;;;;;;;;;;;;;;;;;;;;;;attr_opt_attr_231;;;;;;;;1970-04-27;;;;;;;;44;METER;;;;;;;;;;;;;;;;;;;;;;;;;;;;;;;;;;;attr_opt_attr_917;;;;
id-589;fam_25;;;;;;;985;603;;;;;;;;1;;;;;;;;;;;;;;;;;;;;;;;;;attr_opt_attr_258;;;;;;;;;;;;;;;;;;;;;;;;;;;;;;;attr_opt_attr_233;;;;;;2001-11-03;2007-05-09;;;;111;;;;;;;;;;;150;;;;attr_opt_attr_598;attr_opt_attr_594;;;;;attr_opt_attr_156;;;;;1998-11-24;;;;;;;;;;;;;;;;;;;
id-590;fam_31;;;;;;;;;;;;;;;;;"Odit quae nobis et rerum praesentium.";;;;;;;;;;;;;;;;;;;;;attr_opt_attr_02;attr_opt_attr_02;;;;;;;;;;;;;;;;;;;2011-10-28;1999-04-09;;;;;;;;;;"Nihil architecto sapiente labore molestias non dolores.";;;;;;;;;1992-11-28;1997-11-13;;;;;;;889;146;;;;;attr_opt_attr_490;;;;;;;;;;;;;;;;;;;;;;;;;;;;;;;;;;;;
id-591;fam_36;;;;;;;940;398;;;;;;;;;;;;;;;;;;;;;;;;;;;124;;;;;;;;;;;;;;;;;;;;151;909;0;2001-11-28;1972-12-24;;;;;;461;METER;;;;;;;;;;;;1998-04-01;2006-12-07;;;;;;;;;;;602;18;;;;;;;;;;;;;;;;;;;;;;;;;;;;;;;;;;;;;
id-592;fam_40;;;;;;;;;;;;;;;;;;;;;;;;;;;;;40;;782;METER;;;425;;;;;;;;;;;;;;593;;;;;;;;;;;;;;;;761;METER;;;;;;;;;;;;;;1993-07-21;;;;;;;;;;;;;;;;;;;;;;;;;;;;;2009-07-24;;;;;;;;;1;;;;;;;1;;;
id-593;fam_11;;;;attr_opt_attr_63;;;;;;;;;;;;;;;;140;;;;;;"Harum ut molestiae pariatur.";;;;;;;;;;;;;;;;;;;2012-03-15;;;;;;;;;;;;;;;251;METER;;;;;;;;"Consectetur qui corporis dolorem quibusdam accusantium nesciunt.";;;;;;;;;1973-05-26;1981-10-11;;;;;attr_opt_attr_566;;;;;;;;;;;;;;;;;;;;;;;;;;;;;;;;;;;;;;;;;0;;;
id-594;fam_48;;;"Libero modi dolores deleniti aut repellat.";;;;;;;;;attr_opt_attr_643;;;;;;;;;2009-09-09;;;;;;;;;"Odit tenetur magni doloribus sunt et.";;;;;;;;;;;;;;;;1;;"Provident nulla perspiciatis hic rerum vitae.";;;;;;;;;;;;;;;;;;;;;;attr_opt_attr_520;;attr_opt_attr_238;;;;;;;;;;;;attr_opt_attr_565;;;;;;;;;;;;;;;;;;;;;;;;;;;;;;;;;;;;;;;;;0;;;
id-595;fam_31;;;;;;;;;;;;;;;;;;;;;;;;;;;;;;"Quo rerum ad voluptatem commodi.";726;METER;;;;;;attr_opt_attr_08;attr_opt_attr_04;;;;;;;;;;;;;;;;745;787;;1979-12-27;1987-03-13;;;;28;780;;;;;;;;;;;;;;;;;;;;;;;;;;;;;;;864;METER;;;;;;;;;;;;;1974-07-28;;;;;;;;;1;;;;;;;;;;
id-596;fam_35;;;;;;;;;;;;;;;;;"Veritatis voluptas quod unde expedita aut explicabo.";;;;1991-01-16;;;;;"Tenetur saepe ut et sunt aut aut aut laudantium.";;;923;"Et et facilis consequatur est ratione sint est.";;;;;;;;;;;;;;;;;;;;;;;;;;;;1974-01-13;1972-05-19;;;;;;37;METER;1979-05-26;;;;;;;;;0;;;;;;;;;;;;;;;;attr_opt_attr_492;;;;;;;;;;;;;;;;;;;;;;;;;;;758;METER;;;;;;;;926
id-597;fam_19;;;;;;;;;;;;attr_opt_attr_647;;;;;;;;;2001-03-16;;;;;;;;895;;;;;;;;;;;;;;;;;;;;;;;;;;;;;;;;;;;;;;;;;attr_opt_attr_524;;;;;;;;;;1986-10-02;;;460;;;;;;;;;attr_opt_attr_492;;;;;;;;;;;;;;;;;;;;;;;;"Itaque quae quia quod quos.";;;;;854;"Et delectus dolor amet iusto voluptatem aut rerum.";;;;;;
id-598;fam_13;;;;;;;;;;;;;;;1;;;;;;;;;;;"Repellendus beatae voluptatem iste enim porro consequatur.";;;632;;;;;;;;;;;;;;;;;;;;;;;;;;;;;;;;;;671;823;;;;;;;;attr_opt_attr_230;;;;;472;2014-01-11;1982-06-26;;;;;;;;;;;;;;;;;;;;;;;0;1;;;;;;;;;;;;;;;;;;;;;;;;;
id-599;fam_5;;;;;;;;;;;;;;0;;;;;;;;;;;;;;;;;;;;;;;;;;;;;;;;;;;;;112;482;;;;;;;;;;;787;613;;;;;;attr_opt_attr_528;;attr_opt_attr_237;;;;;44;2002-01-20;1992-12-03;;;;;;;;;;;;;;;;;;;;;;;;;;;;;;;;;;;283;METER;;;;;;;;;;;;;
id-600;fam_36;;;;;;;;;;;;;;;;;;;;;;;;;;;;;;;;;;;817;;;;;;attr_opt_attr_256;;;;;;;;;;;;;;;;;1999-12-15;1987-08-21;;;;382;263;;;;;;;;;;1975-06-02;;;;;;1992-01-15;;;;;;;;;;;;attr_opt_attr_492;;622;;;;;;;;;;;;;;;;;;;;;;"Aut illo mollitia doloremque nulla saepe reprehenderit cumque.";;;;;;;;;1;;;
id-601;fam_20;;;"Ea temporibus nihil enim harum maxime ut ea.";;;;;;989;METER;;;;;;;;;;;;;;;;;;;;;;;;;;;;;;;;;;;;;"Error sint perferendis quasi laudantium veritatis quo possimus modi.";;;;;;;;;;;;;40;METER;;;;;;;;;;;;;1995-07-05;"Qui vero impedit mollitia ut nihil omnis voluptates.";1;;;;;"Quas velit aliquid dolores aut.";;;;;;;;;;;;;;;;;;;;;0;0;;;;;;;;;;;;;;;;;;;;;;;;;
id-602;fam_1;;;;attr_opt_attr_66;1;;;;;;;attr_opt_attr_640;;;;;;;;;;;;;;;;;485;"Perspiciatis autem eveniet et corporis ad expedita soluta.";;;916;259;;;;;;;;;;;;;;;;;;;;;;;;;;579;METER;;;;769;METER;;;;;;;;;;;883;;;;;;;;;736;981;;;;;;;;;;;;;;;;;;;;;;;;;0;0;;;;;;755;METER;;;;;;;;
id-603;fam_47;;;"Adipisci nobis aut qui voluptatem est molestiae.";attr_opt_attr_65;;;;;;;;;;;;;;;;;1980-06-29;;;;;;;;;"Dolores eaque ut cumque facere ullam quod aperiam.";;;;;;;;;;;;;;;;1;;;;attr_opt_attr_638;;;;;;;;;;;;;;;732;METER;1979-01-09;;;;;;;;;0;;;;;;;;;;99;618;;;;;;;;;;;;;;;;;;;;;;;;;;;;;;;;197;METER;;;"Ipsum ea consequuntur excepturi.";;;;;
id-604;fam_43;;;;;;;;;586;METER;;;;;;1;;;;;;;;;;;;;;;855;METER;;;;;;;;;;;;;;;;;;;;;;;;;;;;;;;;;;;;;"Praesentium mollitia libero at nulla delectus ut atque.";;;;;;;;;;;;;;;;;;;;;;;;;460;;;;attr_opt_attr_595;attr_opt_attr_596;;;;;attr_opt_attr_151;;;;;;;;1;1;;;;;;;;;;;;0;;;
id-605;fam_21;;;"Praesentium qui nisi ea sed inventore sit voluptatum.";;;;;;188;METER;;;;;0;;;;;;;;;;;;;;;;;;;;;;;;;;;;;;;;;;;;;;;;;;;;;;;;;;;;;;;;;;;;;;;2009-10-30;1989-02-26;;"Et reiciendis nihil vel ea dicta.";;;;;;;471;METER;;;;;;;;;;;;;;;;;;;;;;;;;;;;;;;;961;;;;;;;888
id-606;fam_8;;;"Et facere amet est voluptatem id soluta aliquam.";;;;;;;;;attr_opt_attr_645;;0;0;1;;;;;;;;;;;;;;;;;365;826;;;;;;;;;;;;;;;;attr_opt_attr_634;;;;;;;;;;349;METER;;;;;;;;;;;;;1999-05-25;;1;;;;;;;;;;;;;;;;;;;;;;attr_opt_attr_597;attr_opt_attr_590;;;;;;;;;;;;;;;;;;;;;;;;;;;;;
id-607;fam_25;;;;;;;;;;;;;;;;;"Odit maiores id recusandae.";;;;1978-12-06;;;;;;;;;;;;;;;;;;;;;;;;;;"Voluptas voluptatem eum aut rerum quae.";"Est iste quidem sit fugiat enim iste.";;;;;;;;;;;;;;;545;405;;;;;;;;;;;;;;2000-01-24;1995-12-08;;;;597;;;;;;;;;attr_opt_attr_491;;;;;attr_opt_attr_218;;;;1;;;;;;;;;;;1;0;;;;;0;;;;;;;;;;
id-608;fam_10;;;;;;;;;;;;;;;;;;"Aspernatur ab amet in dolore voluptatem corporis.";"Temporibus perspiciatis magnam quas.";;;;;;;;;;;;;;;;;;;;;;;;;;1986-06-30;;;;;;;;;;;;;;;;;;;;;;;;;;;;;;"Repellat delectus nostrum in pariatur eligendi.";;;;;;;;;;;;;;;;;;;;;;;;;;;;;;;;416;897;2000-09-10;;;;;;;;;;;;;;;;;;;
id-609;fam_2;;;"Numquam quos labore et et voluptatum dolor.";;;;;;216;METER;;;;0;;;;;;;;;;;;"Voluptatibus cumque consequuntur vel excepturi.";;;;;;;;;;;;;;;;;;;;;;;;;;;;;;;;;;;;;;;;;;;;;;attr_opt_attr_236;;;;;;;;;;;456;;;;;;;;;;;;;;;attr_opt_attr_593;attr_opt_attr_590;;;;;;;;;;2002-12-07;;;;;658;METER;;;;;;;;;;;;;
id-610;fam_26;;;;;;;;;;;;;;0;;;;;;696;;;;;;;;;;;;;;;;;;;;;;;;;;;;;;;;;;;;;1;;;;;;;;;;;;;;;;;;;;;;;;;;;;;228;562;;;;;;;;;;;;;;;;;;;;7;496;;;;;;929;METER;;;;;;;;;;;;;171
id-611;fam_1;;;"Ullam possimus eos unde eum repellat.";;;;;;812;METER;;;;;;;;;;219;;;;;;;;;;"Sint incidunt voluptatum est omnis ab totam quia.";;;;;;;;;;;;;1982-01-11;;;;;;;;391;632;;;;;;2010-02-27;2006-06-16;;;;;;157;METER;;;;;;;;;;;;;;;;;;;;;;;;;;;;;;;attr_opt_attr_211;;;;;;;;;;;;;;;;;;;;;;153;METER;;;;;;;;
id-612;fam_5;;;"Odit at odit ex ex dolor.";;;;;;;;;;;;;;;;;;;;;;;;;;452;"Accusamus odit vel illum earum.";;;;;;;;;;;attr_opt_attr_252;;;;;;;;;;;;;;;;;;;;;;;;;;;1992-04-30;;;;attr_opt_attr_237;;;;;;;;1978-09-20;;;;;;;;;;;;;;;;;;;;;1;;;;;;;;;;;;;56;METER;;;;893;METER;;;;;;;;
id-613;fam_30;;;;;;;;;;;;attr_opt_attr_647;;;;;;"Quo itaque voluptas qui mollitia.";"Dignissimos et voluptas velit nihil soluta magnam reiciendis.";;;;;;;;;;;;;;;;;;;attr_opt_attr_08;attr_opt_attr_00;;;;;;2013-07-31;;;;;;;;;;;;;;;;;;;;;;;;;;;attr_opt_attr_236;;;"Distinctio natus nobis earum repudiandae molestias.";;;;;;;;;attr_opt_attr_560;;;;;;;;;;;;;;;;863;;;;attr_opt_attr_155;389;736;;;;;;0;0;;;;;;;;;;;;1;;;
id-614;fam_31;;;;;;;982;131;;;;;;;;;;;;;;;;;;"Omnis vero asperiores voluptatum vitae ut aliquam aut.";;;;;;;;;;;;attr_opt_attr_02;attr_opt_attr_00;attr_opt_attr_347;;;;;;;;;;;;;;;;;;;;32;METER;;;;;;;;;;;;;;;;;;;;;;;;;;;;;;;;;;;;;;;;0;;;;;;;;1998-02-07;;;;;;;;;;;;;;;;;;;
id-615;fam_31;;;;;;;;;;;;;;;;;"Nulla impedit laboriosam explicabo molestiae voluptatibus laboriosam porro.";;;;;;;;;;;;;;;;;;816;;;;;;;;;;;;;;;;;;;;;;;;;129;METER;;928;93;;;;;;;;;;;;;;2000-05-28;2004-03-22;;;;;;;;;;;;;;;;;;;;;;;;;;;;;;;;;;;;;;;;;;;;;;;;;
id-616;fam_6;;;;;;;;;;;;;;;;;;;;;;;;;;;;;;;;;;;;;;;;;;;;;;1;;;;;;;;;;;;;;;;;;;;;;;;;;;;;;;;1983-02-06;2007-02-10;1976-03-11;;;185;attr_opt_attr_567;;;;;;770;746;;;;711;METER;;;;;0;;;;285;379;;;;;;;;;;;;;;;;;;;;;;
id-617;fam_49;;;;;;;;;;;;;;;;;;"Aut cumque soluta consequatur voluptas.";"Hic aut id praesentium odio corporis ipsa.";;;;;;;;;;;;;;;;461;;;attr_opt_attr_06;attr_opt_attr_08;;;;;;;;;;198;;;;;;;;;;;;;;;;;;;;;;;;;;;;;;;;;;;;;;;;;;;;;311;;;;;;548;;;;;574;562;;;;;;;;;;"Quia qui officiis iure eligendi cumque.";;;;;;"Illo aut et accusamus.";;;;;;
id-618;fam_43;;;;;1;;;;;;;;;;;;;;;;;;"Ipsum voluptatem eaque quia omnis iusto nesciunt commodi quisquam.";;;;;;;;;;;;;;;;;;attr_opt_attr_252;attr_opt_attr_963;;;;;;;264;;422;224;;;;;0;;;;;;;;;;;;;;;;;;;;491;;;;;;;;;;;;;;;;;49;964;METER;;attr_opt_attr_594;attr_opt_attr_590;;;;;;;;;;;;;;;;;;;;;;;;;;;;;
id-619;fam_15;;;"Qui vero et perspiciatis quo doloribus at placeat.";attr_opt_attr_61;;;;;;;;;;;;;;;;;;;;;;;;;;;524;METER;;;;;;;;;;;;;;0;;;;;190;433;;;;;;;;10;METER;;;;;;;;"Voluptatem a non nostrum voluptates dolores sequi quae.";;;;;;;;843;;;;;;;;;;;;;;;;;;300;METER;;;;;;;;;;;;;;;;;;;;;;;;;;;;;;;;
id-620;fam_46;;;;;;;;;912;METER;;;;;;;;;;;;;;;;;;;;"Cupiditate qui adipisci ut aut.";;;841;283;;;;;;;;;1994-05-06;;;0;;;;;;;;;;;;;;;;;;;;;;;"Et voluptatem eligendi qui aut est ea sed.";attr_opt_attr_523;;;;;;;;1990-05-15;1992-09-02;;;;;;;;;;;;;;;;;;;attr_opt_attr_592;attr_opt_attr_593;856;;;;attr_opt_attr_157;;;;;;;;;;;;;;0;;;;;;;;;;
id-621;fam_48;;;;attr_opt_attr_69;;;;;;;;;;;;;;;;;;;;;;;;;;;;;;;;;;;;;attr_opt_attr_251;;;;;;"Beatae provident consequatur et mollitia.";"Vel beatae quas tempora ad rem esse veritatis.";;;;;;;;;;;;;;;;;;;;;;attr_opt_attr_523;;;;;;;426;;;2008-07-24;;;;;;;;705;METER;;;;;;;;;attr_opt_attr_599;attr_opt_attr_592;;;;;attr_opt_attr_158;;;;;;;;;;;;;;;67;METER;;;;;;;;
id-622;fam_47;;;;;;;;;;;;;;;;;;;;;;;"Omnis odio dolor nemo illo quas.";;;;;;;"Quia repellat incidunt molestias officiis explicabo.";;;;;;;;;;;;;;;;;;;496;;;;;;;;;;;;;;;;274;METER;;2003-03-29;;;;;;;;;;;;;;;;;;;;;;;;;;;806;METER;attr_opt_attr_214;;;;;;;;;;;;1985-08-28;;;;;;;;;;253;METER;;;;;;;;
id-623;fam_32;;;;;;;965;111;;;;;;;;0;;"Delectus quod commodi veniam consectetur rem quis atque.";"Nihil qui itaque culpa non.";;;;;;;"Earum esse in expedita officiis quis sit porro.";;;;;;;44;823;;;;;;;;;;;;1;;;;;;;;;239;176;;;;;;"Autem voluptates consequatur et aut doloribus.";;;;;1998-01-31;;;;;;;;"Ex velit molestias dolores qui.";;;;;;;;;attr_opt_attr_568;;;;;;;;;;;;;;;;;;;;attr_opt_attr_150;;;;;;;;0;1;;;;;;;;;;;;;;;
id-624;fam_48;;;;;;;;;;;;;;;;;;;;;;;;;;"Adipisci dicta ut esse cum.";;;;;;;;;;;;;;;attr_opt_attr_255;;2009-10-18;;;;;;263;;;;;;;;0;;;;;;197;331;;;;;;;;;;;;;;;;;;;;attr_opt_attr_564;;;;;;;;;;;;;;;;;;;;;;;;;;;;;;;;;;;;;;;;attr_opt_attr_915;;;;
id-625;fam_9;;;;;;;;;;;;;;;;;;;;;;;;;;"Qui laborum quisquam eum praesentium.";;;;;;;;;;;;attr_opt_attr_00;attr_opt_attr_04;;;;;;;;;;;;;;;;;;;1990-12-31;1992-08-23;;;;229;247;;;;;;attr_opt_attr_529;;;;;;;;;;;;;;;;;;;;;;;;;;;;;;;;;;;958;317;;;;;;;;407;METER;;;;;;;;;;1;;;
id-626;fam_2;;;;attr_opt_attr_61;;;;;627;METER;;;;;;;;;;;;;;;;;;;;"Quas exercitationem veniam sint impedit.";;;;;;;;;;;;;;;;;;;;;;;;;;;;;;;;;;;;;;1973-09-04;;;;;;;;;;;;;;;;;;470;319;;;;;;;;;;;;;237;;;;;369;466;;;;;;;;;;;;1;;;;;;;;372;METER;
id-627;fam_6;;;;;;;;;;;;;;;1;;;;;;;;;;;;;;;;;;;;;;;;;;;;;;;;;;549;;;;;;;;0;1984-04-04;2006-08-15;;;;;;52;METER;;;;;;;;;;;;;;;;;;;;;;;;;;;;;;;;;;;;;;;;;;;;;;;;;;;;;;;;;;attr_opt_attr_917;;;;
id-628;fam_12;;;;;;;;;;;;attr_opt_attr_642;;;;;;;;;;;;;;;;;;"Perferendis consectetur excepturi voluptatem facere hic accusantium.";;;909;94;411;;;;;;;;;;;;;;;;;;;;;;;;;;;;;;;;;;;;;;;;;;695;;;;;;;;;;;;;;;;;;;;;;;;1;0;1;;;;;;;;;1;1;;;;;0;;;;;;;;;;
id-629;fam_47;;;;;;;;;390;METER;;;;;;;;;;;;;"Iusto a laborum fuga rerum.";;;;;;;;;;;;162;;;;;;;;;;;1;;;;;;;;;;;;;;;;;;;;;;2015-02-18;;;;;;;;;;1994-12-06;2000-12-22;;;;;;;;;;;;;;;;949;METER;;;;;;;;;;;;;2001-05-20;;;;;;;;;;;;;;;;;;;
id-630;fam_22;;;;;0;;;;;;;;;;;1;;;;;;;;;;;;;;;;;;;;;;attr_opt_attr_01;attr_opt_attr_06;;;;;;;;;;;;;;;;;;;;;;;;;;;;;;;;;;;;"Id enim incidunt quo sequi iste dolorum.";0;;;;;;;;;;;;;;;;;;;;;;;;291;;;;;;;;;;;;0;0;;;;;;;;;;;;;509;METER;
id-631;fam_0;;;;;;;533;213;;;;;;;;;;"Alias nemo quia deleniti et ea.";"Laboriosam exercitationem itaque veniam non dolore iusto.";;;;;;;;;;;;;;664;670;;;;;;;;;;;;;;;676;;;;;;;;;;;;;;;;;;2008-02-05;;;;;;;;;1;144;;;1987-04-26;;;;;;118;820;;;;;;;;202;METER;;;;;;;;attr_opt_attr_156;;;;;;;;;;;;;;;;;;"Consequatur in similique quis quis eaque autem.";;;;;;
id-632;fam_44;;;;;;;;;;;;;;;;0;;;;;;;;;;;;;;"Qui incidunt repellendus quidem sed.";;;;;;;;;;;;;;;;;;;32;attr_opt_attr_632;248;856;;;;;;1978-05-03;2012-03-02;;;;;;338;METER;;;;;;;;;;;;;;;"Dolores voluptates iure qui maiores eaque.";;;;;;;;;;;;;;;;;;;;0;;;;;;;;;;;;;;;;;;;;;;;;;;;905
id-633;fam_13;;;;;;;523;336;;;;;;;;;"Occaecati facere itaque laborum dolores cum.";;;;;;;;;;;;250;;;;;;;;;;;;;;;;;;;;;;;;;;;;;;;;;"Suscipit ut autem earum eius.";64;475;;;;;;;;attr_opt_attr_234;;;;;805;;;;;;;;;;;;;;;;;;;;;;;;;;;;;;;;;;;;;;;"Exercitationem fugit ipsam facere quod.";;;;;;;;;;;;
id-634;fam_37;;;;;;;;;;;;attr_opt_attr_643;;;;;;;;223;;;;;;"Quam omnis aut aliquid eaque tempora repudiandae.";;;;"Autem dolore ut cupiditate saepe dolorum totam vero recusandae.";;;833;145;;;;attr_opt_attr_06;attr_opt_attr_08;;;;;;;0;;;;attr_opt_attr_632;;;;;;;;;;;;;;;;;;;;;;;;;;;;;;;;;;;;;;;;;;;;;;;;;;;;;;;;;;;;;;;;;;;;;;;;;;;;;;
id-635;fam_37;;;;;;;68;44;;;;;;;;;;"Minima eos occaecati et magni.";"Quod rerum ex molestiae reiciendis.";;;;;;;;;;;;;;;;;;;;;;attr_opt_attr_254;attr_opt_attr_962;;;;;;;;;;;;;;;;;;;;;;;;;;;"Exercitationem quod reiciendis eum qui.";;;attr_opt_attr_233;;;"Necessitatibus et ullam numquam.";;;;;;;;;;;;;;;;;;;;;;;;;51;;0;0;;;;;;;;;;;;;;;;;;;;;;;;;
id-636;fam_33;;;"Recusandae voluptatum non fuga voluptas.";;;;;;;;;;;;;;;;;;;;;;;;;;731;"Consequatur recusandae asperiores corporis perspiciatis necessitatibus est perspiciatis.";;;;;;;;;;;;;;;2006-12-23;;;;;;;;;;;;;;;;;;;;;;;;;;;;;;;;;;;;;;;;;;;;;;;;;762;;;;;;;;;;;;;;;;;;;;;;"Dolores temporibus officiis et illo recusandae veritatis.";;;;;19;;;;;;;
id-637;fam_22;;;;;;;;;801;METER;;;;;;;;;;;;;;;;;;;;;;;;;;;;attr_opt_attr_08;attr_opt_attr_09;;;;1993-01-14;;;0;"Architecto nulla aut quam esse sint id cupiditate.";;;;;;;;;;;;;;;;;;;;;;"Facilis vitae maxime voluptas fugit.";;;;;;"Nobis distinctio sequi quia nostrum.";;;;;;;;;;;;;;;;;;;;;;;;;;;;;;;;;;;;;;;;;;;;;;;;;;0;;;
id-638;fam_25;;;;;;;;;;;;;;;1;;;;;;;;;;;;;;;;;;;;;;;attr_opt_attr_07;attr_opt_attr_01;;;;;;;;;;;;;;;;;;;;;;;;134;706;;;;;;;;;;;;;;;;;"Harum possimus qui voluptas culpa illum.";;;;;444;401;;;;;attr_opt_attr_499;;;;;attr_opt_attr_213;attr_opt_attr_598;attr_opt_attr_597;;;;;attr_opt_attr_159;;;;;;;;0;1;;;;;;;;;;;;;;;
id-639;fam_6;;;;;;;;;;;;;;0;;;;;;;;;;;;;;;149;;;;;;;;;;;;;;;;1977-04-13;;;;897;;;;;;711;194;;;;;;;;;;;;;;;;;;;;;;1988-04-16;1971-02-27;;;;;;;;;;;;;;;;;;;;;;;;;;;;;;;;;;;;;;;;642;METER;333;;;;;;;
id-640;fam_43;;;;;1;;;;;;;;;;0;;;;;;;;"Qui dolor voluptatem hic ut autem cupiditate provident excepturi.";;;;;;;;;;;;;;;;;;;;;;;;;;;;;;;;;;;;;;;;;;;;;;;attr_opt_attr_521;;;;;;;;;;;;;968;;;;;;;;;;;;920;METER;;;;;;;;;;;;;;;;1;0;;;;;0;;;;;;;;;;
id-641;fam_37;;;;;;;957;410;;;;;;;;;;"Eum veniam et quaerat possimus tenetur suscipit.";"Dicta dolores porro incidunt illo voluptate molestias.";;;;;;;;;;;;;;;;494;;;attr_opt_attr_06;attr_opt_attr_08;;;;;;;;;;;;;;;;;;;;;626;METER;;;;;;;;;;;;;;;;;;;;;;;;;;;;;;;;"Eum consequatur quia et.";;;;;;;;;;;;328;886;;;;;;;;;;;;;;;;;;attr_opt_attr_918;;;;
id-642;fam_41;;;;attr_opt_attr_67;;;;;;;;;;;;;;;;;2000-06-08;;;;;;;;;;;;;;;;;;;;attr_opt_attr_250;;;;;;;;316;;;;;;364;619;1;;;;;;;;;;;;;;;;;;;;;;;;"Dicta nam tempore facilis dolores quidem enim.";;;;;;;;;;;;"Soluta et officiis eum quod sunt atque.";914;;;;;;;;;;;;;;;;;;;;;;;;;;;;;;;;374;METER;
id-643;fam_24;;;;;;;106;233;;;;attr_opt_attr_640;;0;;;"Est repellat quia quam qui ipsum tempore ullam.";;;;;;;;;"Deleniti modi amet ut.";;;;;;;;;;;;;;;;;;;;;;;;;;;;;;;;;;;;;;;;;;;;;;;;;;;;;;;;;778;;;501;5;;;;;;;;;;attr_opt_attr_213;;;;1;;;;;;;;1979-06-25;;;;;;;;;;;;;;;;;;;504
id-644;fam_39;;;;attr_opt_attr_62;;;;;;;;;;;0;;;;;231;;;;;;;;;;;;;;;;;;;;;;;;;;;;"In non possimus quidem tenetur.";;;;;;;;;1;;;;;;;;;;;;;;;attr_opt_attr_238;;;;;;;;;;;;;;;;;;;;;;;;;;;;;;;;;;;;;;;;;;248;METER;;;1;121;METER;973;;"Aperiam rerum praesentium minus possimus.";;;;;
id-645;fam_0;;;"Mollitia sunt tenetur a natus eos sit sunt.";;;;;;614;METER;;;;;;;;;;;;;;;;;;;;;;;;;971;;;attr_opt_attr_03;attr_opt_attr_09;;;;;;;;;;;attr_opt_attr_633;;;;;;;;;;;;;;;;;;1987-04-12;;;;;;;;;;;;;;;;;;;;;;;;;;;;;;;;;;;;;;;;;;;;;;;;;;;;;;;;;;;;
id-646;fam_12;;;;;;;;;;;;attr_opt_attr_642;;;;;;;;;;;;;;;;;;;;;;;;;;;;;;attr_opt_attr_962;1996-03-04;;;;;;;attr_opt_attr_633;;;;;894;584;;;;;;;;;185;METER;;;;;;;;;;;;1986-11-05;1991-07-03;;;;;;;;;;;;;;;;;;;;;;;1;1;;;;;;;;;;;;;;;;;;;;;attr_opt_attr_914;;;;
id-647;fam_49;;;"Qui vitae sed est omnis non totam.";;;;;;;;;;;;;;;;;;;;;;;;;;;;831;METER;;;;;;attr_opt_attr_01;attr_opt_attr_04;;;attr_opt_attr_969;;;;;;;;;;;;;;;;1982-04-01;1991-02-12;;;;;;;;;;;;;;;;;;;;;;"Nostrum nisi ea voluptatem et corporis nisi necessitatibus dolores.";;;attr_opt_attr_566;;;;;;;;;;;;;;;;939;;;;;;;561;461;;;;;;;;"Assumenda cum quam assumenda nesciunt ex optio soluta.";;;;;;;;;;;;
id-648;fam_9;;;;;;;;;;;;;;;1;;;;;;;;;;;;;;;;;;;;;;;attr_opt_attr_06;attr_opt_attr_08;;;;;;;;;;;;;;;;;;;;;;;;782;789;827;METER;;;;;;;;;;;;;;;;;;;;;;;;;;;;;;;;attr_opt_attr_597;attr_opt_attr_592;;0;;;;;;;;2007-05-23;;;;;;;;;;;;;;;;;;;
id-649;fam_13;;;"Sit numquam voluptate reprehenderit magni quas debitis.";;;;;;;;;;;;;;"Sed magnam repellat rem sit quo saepe.";;;;;;;;;;;;;;;;;;;;;;;;;;;;;;;;;;;;;;;;;;;;;;;;;;;;;;;;;2005-03-15;;;;;;;;;;;;;;;;;;;;697;;;attr_opt_attr_213;;;;;;;;;;;;1989-11-07;;;;;;;;;;;;;;;;;;;
id-650;fam_29;;;;;;;;;;;;;;;;;;;;;;;;;;;;;;;;;798;897;;;;;;;;;;;;1;;;;;;;;;;;;;;;;"Non earum architecto maxime voluptatum corrupti qui mollitia.";;;630;METER;;;;;;;;;;;;;;;;;;;;;;;;;;;;;636;METER;;;;;;;;attr_opt_attr_150;;;;;1997-09-14;;;0;1;;;;;;;;;;;;;;;
id-651;fam_12;;;;;;;;;;;;attr_opt_attr_643;;;;;"Et incidunt et nihil ad atque quod commodi.";;;;;;;;;;;;;;;;513;56;;;;;;;;attr_opt_attr_962;1985-08-19;;;;;;;;;;;;;;;;;;;;;;;;;1976-05-26;;;;;;;;1;;;;;;;;;;;;;;;;;;;;;;;;;;;;attr_opt_attr_154;;;;;1972-03-02;;;;;;;;;0;;;;;;;;;;
id-652;fam_36;;;"Magni ea delectus dolor omnis sint eaque.";;;;;;;;;;;;;;;;;;;;;;;;;;;;;;;;;;;;;;;;;;;;;;505;;;;;;325;287;0;1994-04-17;2006-01-08;;;;;;;;;;;;;;;1991-06-10;;;;;;;;;;;;;;;;435;635;;;;;;;attr_opt_attr_590;attr_opt_attr_596;;;;;;;;;;;;;;;;;"Praesentium ut et enim nobis nostrum consequatur.";;;;;;;;;;;;
id-653;fam_40;;;;;1;;;;;;;;;;;;;;;121;;;"Eum aut vero consequatur aspernatur.";;;;;;;;;;;;;;;;;;;;2012-08-16;;;;;;;;;;;;;;1;;;;;;;;847;METER;;;;;;;;;;;;;;;;;;;;;;;;;;;"Laborum est sed facilis cum dicta et.";;;;;;;;;;;;;;;;;;;;;;;;;;;;;;;attr_opt_attr_916;;771;METER;
id-654;fam_2;;;;;;;;;;;;;;;;;"Consequatur culpa molestiae possimus id quaerat.";;;;;;;;;"Est sunt praesentium aspernatur neque temporibus ab culpa.";;;;;;;;;;;;;;attr_opt_attr_340;;;;;;;;;;attr_opt_attr_636;;;;;;;;;;;;;;;;;;;"Fugit in aperiam rerum.";;;;;;;;;;;;;;;;;;;;;;;;;;;;;;;320;;;;;;;;;;;;;;;;;;0;;;;;;attr_opt_attr_911;;;;
id-655;fam_18;;;;;;;;;;;;;;;;;;;;44;;;;;;;;;;;;;882;432;;;;;;attr_opt_attr_340;;attr_opt_attr_963;;;;0;;;;;;;;;;;;;;;;;;;;;;;;attr_opt_attr_527;;;;;;;;;;;;;;attr_opt_attr_566;;;;;;;;;;;;;;;;;;;;;;;;;;;;;;;;;;;;;;;;;;;;
id-656;fam_21;;;;;;;;;;;;;;;;;;;;;;;"Fugit qui odio dolorem necessitatibus quos.";;;"Ex fuga nisi aperiam adipisci eum.";;;;;;;;;;;;;;;;;;;;0;;;;;;;;;;;;;;;;;;;;;2016-04-11;;"Dicta est asperiores voluptatem eius.";;;;;;;;;;;;;;;;;960;813;;;497;764;;;;;;;;;;;;;;;;;;1980-01-27;;;;;;;;;;;;;;;;;;;
id-657;fam_17;;;;;;;;;;;;;;;;;;;;;;;;;;;;;832;;;;;;;;;;;;attr_opt_attr_250;attr_opt_attr_969;;;;;;;;;;;;;339;681;;;;;;;;;;;;;;;;;;;;;;;;;;;;;;;;;;;;;"Aut officiis hic in voluptas.";;;;;attr_opt_attr_596;attr_opt_attr_597;;;;;;;;;;;;;;;217;METER;;;;;;;;;;;;;
id-658;fam_35;;;"Aut commodi delectus architecto aut voluptatem.";;;;;;;;;;;;;;;;;;;;;;;"Omnis illo debitis enim omnis impedit impedit quisquam voluptate.";;;;;;;655;960;;;;;;attr_opt_attr_345;;;;;;;;;;;;;;;;;;;;;;;;;;;;;;;;;;;;;;;;1994-07-02;;;;attr_opt_attr_562;;;;;;;;;"Vel earum architecto consequuntur.";;;;;;;;;;;;;;;;;;;;;;;;;;;;;;;;;578;METER;
id-659;fam_13;;;;;;;;;;;;;;;;;;;;;;;;;;;;;;;;;;;;;;;;;attr_opt_attr_251;;;;;;;;;;;;;;;;;;;;;;543;957;;;;;;;;attr_opt_attr_235;;1986-01-31;;;186;1971-10-05;1988-05-29;;;;;;;;;;;;;;"Optio aut ipsum aspernatur quaerat at eos.";;728;METER;;;;;;;;;;;;;;;;;;;;"Et aliquid corrupti aut voluptatem animi atque temporibus ut.";;;;;;;;;;;;358
id-660;fam_14;;;;attr_opt_attr_63;;;909;226;;;;;;;;;;;;;;;;;;;;;;;;;;;;;;;;attr_opt_attr_341;attr_opt_attr_255;attr_opt_attr_960;;;;0;;;;;;;;;;;;;;;;;;;;;;;;;;;;;;;;;;;;;775;;;673;626;;;;;;;;;;;;;;;;;;;;;;;;;1;0;;;;;;;;;"Temporibus aut ab rem qui architecto earum dolorem.";;;;458;METER;
id-661;fam_26;;;;;;;;;64;METER;;;;;;;;;;;;;;;;;;;522;;;;;;;;;;;;;;;;;;;"Dicta inventore et et ut itaque voluptas itaque.";;;;;;;;;;;;;;;;;472;METER;;2000-03-08;;;;;;;;;;;;;;;;;;;;;;;;attr_opt_attr_494;;;;;;;;;;;;;;;;;1985-02-11;;;;;;;;;;;;;;;;;;;
id-662;fam_12;;;;;;;;;;;;;;;;;;;;;;;;;;;;;;;;;578;610;;;;;;;;;;;;;;;;attr_opt_attr_632;133;740;;;856;888;;;;;;;;;;;2008-03-24;;;;;;;;;;;;;;;;;;;;;;;;;attr_opt_attr_496;;;;;;;;;;;;attr_opt_attr_158;;;;;;;;;;;;;;0;;;;;;attr_opt_attr_913;;;;
id-663;fam_37;;;;;;;;;;;;;;;;;;;;501;;;;;;"Ut nobis quisquam explicabo iure.";;;;;;;;;;;;;;;attr_opt_attr_253;attr_opt_attr_966;;;;;"Unde repellendus sequi est voluptas.";;;;;;;;;;0;;;;;;;;;;;;;;;;;;;;;;;;;;;;;;;;;;;;;;;;;;;268;;;;;;;;;;;;;;;;;;;;;;;;;;;;
id-664;fam_20;;;;;;;;;;;;;;;;;;;;;2016-06-08;;;;;;;;;;;;;;325;;;;;;;;;;;;;"Nulla dolorem ipsum dolores voluptas exercitationem sunt.";;;;;;;;;;;;622;METER;;;;;;;;;;;;;;"Quae labore molestiae deserunt.";;;;;;"Saepe quasi consequatur dolores laudantium autem nisi fugiat.";;;;;;;;;;;;;586;;;attr_opt_attr_213;;;;;;;;;;;;;;;;;;;;;;;;;;"Natus debitis facere fugiat doloremque.";;;;;
id-665;fam_29;;;"Deleniti repudiandae voluptas officia ea minus.";;;;;;;;;;;;;;;;;;;;;;;;;;;;;;429;257;;;;;;;;;;;;;;"Eos in sunt quia ut.";;;;;;;;;;;;;;;;;;;;;;;;;;;;;;;;;;;;;;;;;;;;;;;720;METER;;;;;;;;attr_opt_attr_154;;;159;896;;;;;;412;METER;;;;;;;;;;;;;
id-666;fam_16;;;;;;;;;;;;;;1;;;;;;996;;;;;;;;;340;;;;;;;;;;;;attr_opt_attr_254;;;;;;;;;;;;;;;;;1993-02-13;1984-11-06;;;;;;;;;1986-09-25;;;;;;;;;;;;;;;;;;;;;;;;;;;569;METER;attr_opt_attr_214;attr_opt_attr_599;attr_opt_attr_594;;;;;;;;718;793;;;;;;;;;;;;;;;;;0;;;
id-667;fam_8;;;"Saepe ad dolorem eius deserunt.";;;;;;615;METER;;;;0;;1;;;;;;;;;;;;;;;950;METER;;;;;;;;;attr_opt_attr_252;;;;;;;;;attr_opt_attr_639;;;;;;;;;;;;;;;;;;;;;;;;;;;;;;1999-08-07;;;;;;;;;;;;;;;;;;;;;;;;;;;;;;;;;;;;;;;;;;;;;;;;
id-668;fam_13;;;"Tempora cumque in maiores alias cupiditate.";;;;;;;;;attr_opt_attr_642;;;;;;;;;;;;;;;;;805;;;;;;;;;;;;;;;;;0;;;;;;;;;;;;;;;;;;;;;;;"Repellendus qui animi dolores.";;;;;;;;860;1997-10-21;2002-07-27;;;;;;;;;;;;;;;;;;;;;;;1;1;;;;;;;;;;;;;;;;;;175;;;;;;;51
id-669;fam_37;;;;;;;;;;;;;;;;0;;;;;;;;;;;;;;"Adipisci aut molestiae aut voluptates itaque.";;;;;;;;attr_opt_attr_02;attr_opt_attr_06;attr_opt_attr_346;;;;;;;;;;;;;;;;;;;;;;;278;464;;;;;;;;attr_opt_attr_237;;;;;;;;;;;;;;;;802;METER;;;attr_opt_attr_493;;;;;;;;;;;;;282;901;;;;;;;;;;;;;;;;;;;;;;
id-670;fam_11;;;"Rem et dolorum delectus similique suscipit sit consectetur cumque.";;;;;;;;;;;;;;;;;;;;;;;;;;;;;;;;;;;;;;;;;;;;;;;attr_opt_attr_631;;;;;270;840;;;;;;"Quaerat est porro quia suscipit asperiores.";;;;;;;;;;;;;;;;;;;;;;;;;;;;;;attr_opt_attr_499;;;;;;;;;;;;;;;;;;;;;;;;;;;198;METER;637;;;;0;;;
id-671;fam_25;;;"Expedita qui excepturi modi eum amet sunt expedita fugiat.";;;;;;;;;;;;0;;;;;;;;;;;;;;;;;;455;474;;;;attr_opt_attr_06;attr_opt_attr_00;;;;;;;;;"Est numquam amet aliquid consequuntur.";;;;;;;;;;;;;;;;;;;;;;;;;;;;;;1994-07-02;2005-07-18;;;;;;;;;;;;;;;;;;;;;;;;;;;;;;2005-08-02;;;;;;;;;1;;;;;;;;;;
id-672;fam_36;;;"Sint totam consequatur sit illo et dignissimos ut.";;;;425;981;;;;;;;;;;;;;;;;;;;;;;;;;;;861;;;;;;attr_opt_attr_252;;;;;0;;;;;;;;;513;627;;;;;;;;;;;;;;;;;;;;;429;;;;;;;;;;;;;;;attr_opt_attr_493;;;;;attr_opt_attr_212;;;;;;;;;;;;;;;;;;;"Ab culpa tempore dolore eos.";;;;;;;;;1;;;
id-673;fam_8;;;;;;;;;879;METER;;;;1;;;"Culpa inventore eum eos aspernatur quod quia ipsam voluptatem.";;;;;;;;;;;;;;;;;;;;;;;;attr_opt_attr_252;;;;;;;;;attr_opt_attr_633;;;;;;;;;;;;;;;257;METER;;;;;;;;;;;;2006-05-05;1984-12-12;;;;;;;;;;;;;;;;;;;;;;;;;;;;;;;;;;;;;;;;;;;;;;;406;METER;
id-674;fam_15;;;;;;;;;;;;;;;;;;;;;;;;;;;;;295;"Architecto nemo quidem reprehenderit.";;;;;;;;;;;;;;;;;"Sed dolor autem reprehenderit perspiciatis aliquam sit.";;;;;;;;259;590;;;;;;;;;;;;1989-08-25;"Distinctio sit fugit eaque accusamus quisquam qui.";;;;;;;;;;;;;;;;;29;876;;;;;;;;;;;;;;;;;;;;;;;;;;;;;;;;;;969;;;;;;;
id-675;fam_23;;;;;;;;;;;;attr_opt_attr_649;;;;;;;;;;;;;;;;;;"Inventore omnis accusantium assumenda dicta magnam assumenda nihil.";;;;;;;;;;;;;;;;;;;459;;;;;;;;;;;;;;;;;;;;;;;;;;;;;1972-02-05;2000-04-13;;;;;;;;;;;;;;;;;;;;;;;0;1;;;;;;;;;;;;;;;;;;;"Sapiente consequuntur quia architecto dolorum saepe.";;;;;;
id-676;fam_30;;;;;;;;;;;;attr_opt_attr_647;;;;;;"Mollitia nihil velit voluptates.";"Autem debitis labore officia voluptas.";;;;;;;;;;;;;;;;;;;;;;;attr_opt_attr_967;;;1992-05-15;;"Ratione est officiis dolor.";;;;;;;;;;;;;;;;;;;;1986-09-28;;;;;attr_opt_attr_231;;;;;138;;;;"Maiores tenetur assumenda temporibus qui error ut maxime.";;;;;;;;;358;753;;;;;;attr_opt_attr_211;;;;;;;;;;;;;;;1;1;;;;;;;;;;;;;;;
id-677;fam_36;;;;;;;;;;;;;;;;;;;;;;;;;;;;;;;;;;;;;;;;;;;1979-10-29;;;;;;;;;;;;;;0;;;;;;;;;;;;;;;;;2005-02-01;;;;;;;;;;;;;;;;;;;;;;;;;;;;;;;;;;;;;;;;;;"Aperiam recusandae ex laboriosam ea voluptas.";;;;;;;;attr_opt_attr_916;;;;
id-678;fam_13;;;"Rem similique id ea eos dolorem.";;;;;;;;;;;;0;;;;;;;;;;;;;;;;;;;;;;;;;;;;;;;;;;;;;;;;;;;;;;;"Recusandae ducimus id illo ea molestiae labore.";;;;;;;;;;;;;;;;1995-05-23;2016-05-17;2015-11-15;;;;;;;;;;;;;"Quo similique maiores modi dolor et et officiis.";;;;attr_opt_attr_211;;;;;;;;;;;;;;;;;;;"Possimus earum expedita a a et.";;;;;;;;;;;;
id-679;fam_8;;;;;1;;;;;;;;;0;0;0;;;;;;;;;;;;;;;;;478;336;;;;;;;;;;;;;;;;;;;;;;;0;;;660;METER;;;;;;;;;attr_opt_attr_522;;;;;;;;;;1979-10-08;;;;;;;;;;;;;;;;;;attr_opt_attr_594;attr_opt_attr_596;;;;;;;;;;;;;;;;;;;1;;;;;;;;;;
id-680;fam_4;;;;;;;;;;;;;;;;;;;;;;;;;;;;;;;;;;;;;;;;;;;;;;;;;;attr_opt_attr_630;;;;;;;;1986-02-08;2008-05-26;;;;747;533;;;;;;;;;;;;;;1996-09-26;2006-05-20;;;;;;;;;;;;;;;;;;;;;;;1;1;;;;;;;;;;;;;;;;;;827;;;;;;;159
id-681;fam_33;;;;;1;;;;;;;attr_opt_attr_642;;;;;;;;;;;;;;;;;;;;;;;;;;;;;;;;;;;;;;;;;;;;;;;;;;;;;;;;;;;;;;;;;;2004-04-10;2013-03-03;2002-06-15;;;;;;;;28;METER;;;;;;;;;attr_opt_attr_594;attr_opt_attr_593;;;;;;;;;;;;;1;1;;;"Vitae suscipit autem excepturi.";;;;;727;;"Repudiandae facere ipsa nulla et a velit perspiciatis aut.";;;;;
id-682;fam_44;;;;attr_opt_attr_66;;;;;;;;;;;;;;;;;;;"Placeat nisi non non enim mollitia rem voluptas.";;;;;;;;;;;;;;;;;;;;;;;;;;;;781;94;;;;;;;;;;;;;;;1977-04-30;1992-06-26;;attr_opt_attr_523;;;;;;;;;;;;;313;;;;;;;;;;;;;;;;;;;;;;;;;;1987-06-30;;;;;;;;;;;;;;;;;;;
id-683;fam_15;;;;;;;;;;;;;;;;;;;;;;;;;;;;;;"Hic nesciunt labore quam molestiae et iusto repellendus voluptate.";;;;;;;;;;;;;1981-07-25;;2004-11-13;;"Et voluptatem nostrum eaque voluptas architecto.";;;;;;;;543;43;;;;;;"Ea rerum corporis sed.";;;983;METER;;;"Mollitia modi non aliquam eveniet totam amet.";;;;;;;;;;;;;;;;;396;668;;;;;;;;;;;;;;;;;;;;;;;;;;;;;;;;;;;;;;;;;
id-684;fam_24;;;;;;;404;199;;;;;;;;;;;;;;;;;;"Excepturi dolorum et accusamus totam.";;;;;;;;;;;;;;;attr_opt_attr_252;;;;;;;;;;;;;;997;598;;;;;;;344;664;;;1979-09-18;;;;;;;;;0;;;;;;;;;;;;;;117;497;;;;;;;;;;;;;;;;;;;;;;;;;;;;;;;;;;;;;628
id-685;fam_16;;;"Vel et blanditiis aperiam perspiciatis aliquam saepe voluptas.";;;;;;;;;;;;;1;;;;;;;;;;;;;;;;;;;;;;;;;;;;;;;;;;;;;;;;;;1999-09-03;2010-06-26;;;;762;176;;;;1986-06-07;;;;;;;;1;;;;;;;;;;;;;;;;;"Ad sunt incidunt animi.";;;;attr_opt_attr_219;;;;;;;;;;;;;;;;;;;;;;;;;;;;;;;
id-686;fam_23;;;;;;;;;;;;;;;;;;;;;;;;;;;;;;;;;;;;;;attr_opt_attr_05;attr_opt_attr_09;;;;;;;;;;331;;;;;;322;599;;;;;;"Soluta ad est debitis nemo eaque id.";;;;;;;;;;;;;;;;2009-12-04;1985-11-16;;"Ut unde assumenda id pariatur.";;;;;;;;;;;;;;;;;;;;;;;attr_opt_attr_151;;;;;;;;;;;;;;;;;;;;;;;;
id-687;fam_35;;;;;;;;;711;METER;;;;;;;;;;;;;;;;;;;;"Debitis vero delectus accusamus minima reiciendis pariatur ipsa.";;;739;429;;;;;;;;attr_opt_attr_965;;;;;;;;;;;;;;;0;2008-11-04;1996-07-20;;;;;;;;2015-01-28;;;;;;;;;;522;;;;;;;;;;;;;;;;;;;;;;;;;;;;;;;;;;;;;;;;;;758;METER;;;;;0;;;
id-688;fam_44;;;;;;;;;;;;;;;;;;;;;;;;;;;;;;;;;;;;;;;;;attr_opt_attr_254;;;;2002-10-06;;;;;;462;113;;;960;711;;;;;;;;;387;METER;;1972-01-12;;;;;;;;;;;;;;;;;;;;;;;;;;;;;;;;;1;;;;;;;;;;;;;;;;;;;;;;;;1;;;452
id-689;fam_40;;;;;;;;;;;;attr_opt_attr_646;;;;;;;;884;;;;;;;;;;;833;METER;;;;;;;;;;;;;;;;;;;;;;;;;;;;481;METER;;;;74;METER;1992-01-26;;;attr_opt_attr_521;;;;;;;;;;1993-10-16;;;;;;;;;;;;;;;;;;;;;0;;;;705;396;;;;;;;;;;;;;;;;;;;;406;METER;
id-690;fam_43;;;"Amet id velit repudiandae.";;;;;;;;;;;;;;;;;;;;"Est porro adipisci ut consequuntur.";;;;;;;;;;;;;;;;;;attr_opt_attr_255;;;;;;;;;;;;;;;;;;;;;;;;;;;;;attr_opt_attr_522;;;;2005-02-01;;;897;;;;;;872;;;;;;;;;;"Ipsa dolor ut quia exercitationem accusantium.";;;;;attr_opt_attr_590;attr_opt_attr_599;;;;;;;;;;;;;1;0;;;;;;;;;;;attr_opt_attr_914;;;;
id-691;fam_20;;;;;;;;;;;;;;;;;;;;;;;;;;;;;;;;;246;320;;;;;;;;;;;;1;;;;;;;;;;;;;;;;"Vel officia hic omnis ut ea provident.";;;;;;;;;;;;;"Et consectetur debitis omnis odit debitis reprehenderit.";;;;;;;;;;;;;;;;;;;;;;;;;;;;;;;;;;;;;;;;;;;;72;METER;;"Magnam fugiat unde consequatur saepe.";;;0;;;
id-692;fam_8;;;;;1;;;;;;;;;;;1;"Ut earum quia similique qui.";;;;;;;;;;;;;;;;34;484;;;;;;;;;;;;;;;;;158;101;;;;;0;;;;;;;;;;;;;;;;;;;;;;;;;;;;;;;;;;;attr_opt_attr_491;;;;;;;;;;;;;;;;;;;;;;;;;;;;;;;;;;;;
id-693;fam_2;;;"Autem reiciendis non similique illo eius.";;;;;;;;;;;;;;"Exercitationem quis facilis dolorem quasi dolor optio.";;;;;;;;;;;;;;;;;;;;;;;;;;;;;;;;;;;;;;223;491;;;;835;METER;;;;;;;2004-12-04;;;;attr_opt_attr_235;;;;;;;;2003-01-22;;;;;;;;;;621;275;;;;;;;attr_opt_attr_597;attr_opt_attr_592;;;;;;;;;;;;;;;;;;;;;;;;;attr_opt_attr_919;;;;
id-694;fam_35;;;;;;;;;;;;;;;;;;;;;;;;;;;;;223;;;;;;;;;;;;;;1999-07-02;;;1;;;;;;;;;;;;;;609;METER;;;;;;;;"Blanditiis architecto numquam doloremque dicta ut ut non.";;;;;;;;982;;;;;;;;;;;;;;;;"Quidem voluptas sint sint magnam voluptate.";;;;;;;;;;;;;;;;;;;;;;;;;;;;;;;;;49;METER;585
id-695;fam_19;;;;;;;;;;;;;;;;;;;;;;;;;;;;;;;;;;;889;;;;;;;;;;;1;;;;;852;85;;;;;;;;;;;;;;;;;;attr_opt_attr_520;;;;;;0;;;;;;;;;;;;;;;;;;;;;;;;;;;;;;;;;;;;;;;;;;;;;919;;;attr_opt_attr_913;;;;
id-696;fam_6;;;;;;;;;;;;;;;;;;;;;;;;;;;;;;;;;;;;;;;;;attr_opt_attr_253;;1987-12-18;;;1;;;;;;;;;895;792;;;;;;;;;;;;;;;;;;;;;;;;;;;;;;;;;;;;;;;;;attr_opt_attr_211;;;;1;;;;;;;;;;;;;;;;;;;;;;;;1;;;
id-697;fam_36;;;;;;;;;;;;;;;;;"Sunt inventore eaque nesciunt eum qui laborum eum ex.";;;;;;;;;;;;;;;;;;;;;;;;attr_opt_attr_255;;;;;0;;;;;;;;;;;;;;;;;;;904;METER;;;;attr_opt_attr_526;;;;1985-10-25;;;319;;;;;;;;;;;;;;;attr_opt_attr_497;;;;;;;;;;;;;;;;;;;;;;;;;;;687;METER;;;;attr_opt_attr_914;0;;;
id-698;fam_21;;;;;;;;;;;;;;;;;;;;560;;;;;;"Sunt optio sapiente laborum ut non.";;;;;;;236;569;;;;;;;;;;;;;;;;;;;;;;;;;;;;"Doloremque et est repellat debitis.";936;66;;;;;;;;;;;;;;;;;"Sit ullam labore aut temporibus aut saepe nihil ipsam.";;;;;;;;;;;;;;;;;;;;;;;;;;;;;;;;;;;;;;;;;;"Ea dolor architecto ipsum voluptatem necessitatibus sint nobis suscipit.";;;;;
id-699;fam_17;;;;;;;;;;;;;;;;;;;;;;;;;;;;;;;;;962;315;;;;;;;;;1977-01-19;;;;;;256;;;;;;;;;;;;;;;;;;;;;;;;;1977-01-29;;;;;;;"Officia aspernatur expedita iste magnam illum.";;;;;;;;;;;;"Minima in dolorum soluta aut quis facilis dolor.";;;;;attr_opt_attr_592;attr_opt_attr_599;;0;0;1;;;;;;;;;;;;;;;;;;;;;;;;;
id-700;fam_19;;;;;;;;;;;;;;;;;;;;;2004-11-10;;;;;;;;;;;;327;415;;;;;;;;attr_opt_attr_961;;;;;;;;attr_opt_attr_630;;;;;;;;;;237;METER;;;;;;;1975-12-29;;;;;;;;;;;;;;;;;;;;;;;;;"Necessitatibus qui aut aut fugit voluptatem quaerat.";;;;;;;;;;;;;;;;;;;;;;;;;;;;;"Qui beatae dolorem nihil commodi officiis.";;;;;;
id-701;fam_8;;;;;;;;;896;METER;;attr_opt_attr_648;;;;;;;;;;;;;;;;;;;;;;;;;;;;;;;;;;;;;;attr_opt_attr_635;;;;;;;;2000-09-03;1972-10-27;;;;;;520;METER;;;;;;;;1996-09-27;;;;;;;;;;;;;;;;;;;;;;;;;;;;;;attr_opt_attr_152;;;;;;;;1;1;;;;;0;;;;;;;;;;
id-702;fam_46;;;;;;;9;484;688;METER;;;;;;;;;;;;;;;;;;;;;;;947;73;;;;;;;;;;;;;;;;;;;;;;;;;;;;;577;904;;;;;"Aut dignissimos ratione quod culpa.";attr_opt_attr_527;;;;;"Ullam ab velit sint qui.";;;;;;;;;attr_opt_attr_567;;;;;;;;;;;;;;;;;;;;;;;;;;;;;;;;;;1;;;;;;;0;;;
id-703;fam_21;;;"Voluptas est perferendis neque officia sunt.";;;;;;;;;;;;;;;;;;;;;;;;;;;;;;;;;;;;;attr_opt_attr_340;;;;;;;;;;;;;;;;;;;;;;;;;;;1996-04-27;;;;;;;;;;;;;;;;;;;;;232;METER;;;;;;;;;;;452;;;;;;;;;;;;;;;;;;;;;;"Voluptates fuga magnam et hic qui.";;;;;;
id-704;fam_1;;;;attr_opt_attr_68;1;;;;874;METER;;attr_opt_attr_640;;;;;;;;;;;;;;;;;;;;;;;;;;;;;;;;;;;;"Praesentium aut doloribus consectetur veritatis ratione.";;;;;;;;;;1991-12-20;1984-09-28;;;;;;;;;;;;;;;;;1;;;;2016-06-09;;;;;;;;;;;;;;;;;;;;;;;;;;;;;;;;;;;;;;;;;;;;;;;;
id-705;fam_22;;;;;;;666;540;;;;;;;1;;;;;341;;;;;;;;;;;;;;;;;;attr_opt_attr_04;attr_opt_attr_02;;;;;;;;;;;;;;;;;;;;;;;;;;;;;1994-08-17;"Quaerat omnis aut aut ut quis quia.";;;;;;"Qui vel natus nam quos aperiam neque at.";;;;;;;;;;;;;;;;;;;;;;;;;;;;;;83;834;;;;;;;;507;METER;;;;;;;;;;;;;
id-706;fam_23;;;"Cupiditate nemo earum quidem vel maxime dolor ea.";;;;;;;;;;;;;;;;;;;;;;;;;;;;;;;;;;;;;attr_opt_attr_348;;;;;2011-03-07;0;;;;;;;;;953;773;;;;65;METER;;901;906;;;;;;;;;;;;;;;;;;;;attr_opt_attr_569;;;;;;;;;;;;;;;;;;;;;;;;;;;;;;;;;;;;;;;;;0;287;METER;
id-707;fam_7;;;;attr_opt_attr_65;;;;;50;METER;;;;;;;;;;;;;;;;;;;;;927;METER;;;;;;;;;;;1973-02-25;;;;"Est ea porro nesciunt.";;;;;;;;209;595;;;;;;;;;;;;;;;;;;1999-05-29;;;;;;;;;;;;;;;;;;;;;;;;;;;;;;;;;;;;;;;;;;;;;;;;;;;;;;
id-708;fam_8;;;;;;;951;555;;;;attr_opt_attr_644;;;0;;;;;;;;;;;;;;;;;;;;;;;;;;;;;;;;;;;;;;;;815;771;1;;;;;;;;;;;;;;;;;;;0;;;;;;;;;;;;;;;;;;;;;;;;;;;;;;;;;;;;;;;;;;;;;;;;;;342;METER;
id-709;fam_9;;;;;;;;;;;;;;;;;;;;;1975-05-16;;;;;;;;;;;;;;;;;attr_opt_attr_08;attr_opt_attr_06;;;;;;;0;;;;attr_opt_attr_632;;;;;;;;2010-06-18;1975-02-11;;;;;;540;METER;;;;;;;;;;;950;;;;;;;;;;;98;METER;;;;"Facere nesciunt et blanditiis nostrum sed.";;;;;;;;;;;;;;;;;;;;;;;;;;;;;;;;;;;
id-710;fam_49;;;;;;;;;;;;attr_opt_attr_640;;;;;;;;;;;"Molestiae voluptatem nemo sed ea odio.";;;;;;;;;;;;;;;attr_opt_attr_08;attr_opt_attr_03;;;attr_opt_attr_962;;;;;;;526;;;;;;;;;;;;;;;;;;;;;;;;;;;;;;;;"Dignissimos inventore commodi reiciendis debitis ea quia.";;;;;;;;;;;attr_opt_attr_497;"Eos dicta ullam explicabo modi eveniet.";;;;;;;663;;;;;410;289;;;;;;;;;;;;;;;;;;;;;;
id-711;fam_25;;;;;;;;;;;;;;;;0;;;;;2011-04-21;;;;;;;;;;;;;;;;;;;;attr_opt_attr_250;;;;;;"Minus ea non nesciunt sunt doloribus dolores doloribus a.";;;;;;;;;;1;;;;;;;;;;;;;;;;;;;;;;;;;;;;;;;;;184;573;;;334;;;;;;;;;;;;;;;;;;;;;;;;1;;;903;;;;;;;
id-712;fam_45;;;"Alias suscipit sed non aperiam ut molestiae.";;;;;;;;;;;;;;;;;;;;"Voluptatum ducimus quidem ipsa odio.";;;;;;272;;;;704;641;;;;;;attr_opt_attr_340;attr_opt_attr_252;;;;;;;;;;809;716;;;;;;;;;;;;;;;;;"Perspiciatis in eos amet id sint dolore nobis.";;;;;;;;;;;;;;;;;;;;;;;;"Tempore et assumenda quia corporis dolorum distinctio.";;;;;attr_opt_attr_593;attr_opt_attr_597;;;;;;;;;;;;;;;;;;;0;;;;;;;;;;
id-713;fam_0;;;;;;;;;;;;;;;;;;"Voluptatem dolorum dolorem accusantium quae repellendus necessitatibus aut iste.";"Repellendus id eos ad mollitia voluptatem sit quis.";;;;;;;;;;;;;;;;;;;attr_opt_attr_09;attr_opt_attr_05;;;;;;;;"Hic harum dolorum officia autem unde quis nihil.";"Officia porro quia mollitia.";;;;;;;;;;;;;;;;;;;;;;attr_opt_attr_528;;;;;;0;;;;;;;476;;;692;940;;;;;;;;;;;attr_opt_attr_595;attr_opt_attr_594;;;;;;;;;;;;;;;;;;;;;;;"Odio quis pariatur quia quasi.";;;;;;
id-714;fam_19;;;;;;;;;;;;;;;;;;;;567;;;;;;;;;;;;;;;;;;;;;;;;;;;;;;;;;;;;;;;;;;;462;501;;;;;;attr_opt_attr_525;;;;;;1;;;;;;;;;;;;;;;;;;;;;;;;;;;;;;;;;;;;;;;;"Qui dolores tempora ullam ea omnis expedita sint.";;;;;72;;;;;;;
id-715;fam_7;;;;attr_opt_attr_61;;;;;;;;attr_opt_attr_644;;;0;;;;;;;;;;;;;;;;;;;;;;;;;;;;1971-08-24;;1993-05-28;;;"Aliquam quae alias est.";;;;;;;343;89;;;;;;;;;;;;;;;;;;;"Minima saepe eos quia assumenda vitae expedita inventore vitae.";;;1970-12-23;1994-04-23;1979-10-31;;;;;;;;;;;;;;223;644;METER;;;;;;;;;;;;;;;;;;;;;;;;;;;;;;;;
id-716;fam_29;;;;;;;;;;;;;;;;;;;;;;;;;;;;;;;;;;;;;;;;;;;;;;;"Sed est recusandae numquam unde dicta sit at.";;;;654;361;;;;;;;;;;;;;;;;;;;;;;;;;;;;;;;825;;;;;;;;;;;;;;;attr_opt_attr_591;attr_opt_attr_595;;0;0;1;;;;;;1987-12-05;;;;;655;METER;;;;;;;;;;;;;
id-717;fam_42;;;;;;;;;;;;;;;;;;"In adipisci odio consequuntur nobis aut earum odit dolore.";"Vel fugit minus sint quo aut quia.";;2012-04-16;;"Ad vero iusto consectetur porro voluptatem eum.";;;;;;;"Velit temporibus et vitae.";;;;;;;;;;;;;;;;;;;903;;;;;;;;;;;;;;;;;;;;;;;;;;;;;;;;;;;;;;;;;;;;;;67;METER;;;;669;;;;;;;;;;;;;;;;;;;280;METER;;;;;;;;
id-718;fam_40;;;"Sunt iusto voluptatum doloribus quo similique.";;1;;;;;;;;;;;;;;;;;;;;;;;;417;;;;;;;;;;;;;;;;;;;;;;;;;;;;1;;;;;;;;;;;;;;;;;;;;;;;;;;;;;;;;;;;attr_opt_attr_491;"Nobis ab dignissimos aut rerum molestiae dolorum qui.";;;;;;;;;;;;729;416;;;;;;;;158;METER;;;;;;;;;;;;;
id-719;fam_37;;;;;;;;;;;;;;;;;;;;;;;;;;;;;;;;;154;135;;;;;;;;;;;1973-11-26;;;;;;;;;;;;;;;;;;920;286;;;;;"Rerum rem itaque commodi perspiciatis voluptatibus accusantium quas.";;;attr_opt_attr_237;;;;;494;;;;;;;;;;;;;;;;;;;;;;;117;1;;;;;;;;;;;;;;;;;;;;;;;;;;;
id-720;fam_37;;;;;;;;;;;;;;;;;;;;;;;;;;;;;;;;;;;;;;;;;attr_opt_attr_258;;;;;1;"Est inventore explicabo quis aut.";;193;;;;;;;;;;;;;;;;;;;;;;;attr_opt_attr_235;;;"Blanditiis praesentium libero corporis repudiandae.";;;;;;;;;;;;;736;METER;;;attr_opt_attr_496;;;760;METER;;;;107;1;;;;635;227;;;;;;;;;;;;;;;;;;;;;;
id-721;fam_1;;;;;;;;;;;;;;;;;;;;;;;;;;;;;;;;;450;38;;;;;;attr_opt_attr_349;;;;;;;;"Eum non culpa alias inventore esse libero.";0;;194;620;;;;;;;;;;;;;;;;;;;;;;;;;241;;;;;;;;;399;749;;;;;;"Nobis laborum qui pariatur blanditiis.";814;;;;;;;;;;;;;;;;;;1;1;;;;;;849;METER;;;;;;;;
id-722;fam_7;;;;;;;;;888;METER;;;;;;;;;;;;;;;;;;;;;;;547;338;;;;;;;;;;;;;"Eum velit et laudantium sit consequatur fugit quo dolorum.";"Omnis autem quo aut rerum fugiat dolorum.";;attr_opt_attr_632;;;;;287;182;;;;;;;167;459;;;;;;;;;;;;;;;;;;;186;;;;;;;;;;;;;;;;;;;;;;;;;;;;;;;;;;;;;;;;;;;;;157
id-723;fam_36;;;"Autem magni impedit eveniet est sint.";;;;45;411;;;;;;;;;"Omnis doloremque ut voluptate voluptatibus autem ratione quos ut.";;;;;;;;;;;;;;;;;;;;;;;;;;;;;;;;;;;;;;;;;;;;;;;;;;;;;;;;;;;;;;;;;;;;;;;;;759;604;attr_opt_attr_496;;;;;;;;;;;;;;;;;;;;0;0;;;"Numquam officiis vero officiis itaque hic voluptatem impedit.";;;;;721;;;;;;;
id-724;fam_3;;;;;;;;;;;;;;;;;;"Eaque sunt maxime aut totam repellendus qui deserunt.";"Autem dolores officia tempora nesciunt soluta tempora.";;;;;;;;;;;;;;175;141;;;;;;;;;;;;;;;;;;;;;;;;;;;;;;;;;;;;;;;;;;;;;;;;;;;;920;435;829;METER;;;attr_opt_attr_495;;;550;METER;;;;;;;;;291;771;922;967;;;;;;;;"Corrupti laboriosam cupiditate dolor est a.";;;;;;"Non tempore et et unde et.";;;;;;
id-725;fam_14;;;;;;;811;682;;;;;;;;;;"Architecto qui est sapiente consequatur labore.";"Voluptate id architecto velit aperiam.";;;;;;;;;;;;;;;;;;;;;attr_opt_attr_345;;;;;;;;;;;990;170;;;669;239;;;;;;"Illo et ullam voluptate aliquid est impedit ab qui.";;;;;1984-01-15;;;;;;;;;;;;;;;;;;;;;;;;;;;;;;;attr_opt_attr_595;attr_opt_attr_590;;;;;;;;;;;;;;;;;;;;;;;;;;;;;
id-726;fam_23;;;;;;;;;;;;;;;;;;;;;;;"Ab eligendi delectus nam sunt.";;;;;;;;;;;;;;;attr_opt_attr_01;attr_opt_attr_07;;;;;;2012-03-23;;;;;;;;;;;;1;;;;;;;;;;;;;;;;;;;;;1983-06-15;1997-02-26;;"Hic exercitationem aut officiis quo vel non omnis.";;;;;;;;;;;;;;;;;;;;;0;1;;;;942;156;;;;;;;;;;;;;;;"Inventore ipsam asperiores veniam quae.";;;;;
id-727;fam_24;;;;;;;;;;;;attr_opt_attr_642;;;;;;;;;;;;;;"Molestiae aut qui laborum ex voluptates.";;;;;;;;;;;;;;;;;;;;;;"Odio similique eligendi sapiente perspiciatis dolor atque.";;;;;;;;;;;;;;;;;;;;;"Facere culpa tempora deleniti.";;;;;;;;;;;;;;;;;353;116;;;;;;;;;;attr_opt_attr_210;;;;1;;;attr_opt_attr_151;;;;;;;;;;;;;;;;;;;;attr_opt_attr_919;;;;
id-728;fam_38;;;"Eius et facere aliquam animi fugit blanditiis sint.";;;;;;;;;;;;;;;;;762;;;;;;;;;;"Perspiciatis voluptatem sit rerum non tempore.";;;63;782;;;;;;;;;1972-01-05;;;;;;58;;;;;;;;;;;;;;;;;;;;;;;;;;;;;;;;;;;;;;;;;;;;"Qui adipisci quo nostrum sint debitis.";115;;;;;;;0;;;;;;499;163;;;;;;;;;;;;;;;;;;;;
id-729;fam_36;;;;;;;114;782;;;;;;;;;;;;;;;;;;;;;;;;;;;;;;;;;;;1974-02-13;;;;;;617;;;;;;;;;2004-02-18;2016-03-17;;;;;;;;;;;;;;;;;;;1973-03-26;1976-04-04;;;;;;;;;;;;;;;;;;;attr_opt_attr_590;attr_opt_attr_591;;;;;;;;;;;;;;;;;;;;622;METER;;;;;;;;
id-730;fam_24;;;;;;;57;73;;;;attr_opt_attr_644;;;;;;;;;;;;;;;;;;;;;;;;;;;;;;;;;;;;;;;;;;;;;;1988-08-24;1985-09-03;;;;8;456;;;;;;;;;;;"Repellendus laboriosam modi quia rerum ipsam culpa sint.";;;;;;"Deleniti modi sed at ratione voluptas et.";;;;;;;318;METER;;;;;;;;attr_opt_attr_212;;;476;1;;;;;;;;;;;;;;;;;;;;;;;;;;;
id-731;fam_44;;;;;;;;;;;;;;1;;0;"Mollitia cum tenetur nemo atque aut.";;;;;;;;;;;;;"Consequatur architecto magni voluptas a est iure et.";;;;;;;;;;attr_opt_attr_342;;;;;2012-02-06;;;;;;;;;;;;;;;852;METER;;;;;;;;;;;;;;;;;2003-04-07;2007-08-12;;;;;;;;;;;;;;;;;;;;;;;;;;;;906;414;;;;;;;;;;;;;;;;;;;;
id-732;fam_33;;;;;0;;;;;;;;;;;;;;;;;;;;;;;;;;;;;;;;;;;;;;;;1999-12-22;;;;;;;;;;;;;;;;;"Excepturi et ut vel perspiciatis quidem.";;;;;;;;;;;;;;;;;;2012-05-30;;;815;;;;;;;;;attr_opt_attr_491;;;;;;;;;;;;;;;454;712;;;;;;;;"Vitae ut deleniti est aut magni delectus voluptas.";;;;;;;;;;;;
id-733;fam_11;;;"Mollitia repellat eum rerum aliquid recusandae laudantium tenetur ut.";;;;;;375;METER;;;;;;;;"Aliquam esse repudiandae ut nam voluptate tempora.";"Enim asperiores libero animi.";;;;;;;;;;372;;;;;;;;;;;;;;;;1998-04-14;;;;;;;;;;;;;;;;;;;;;;;;;;;;;;;;;;;;;;;;;;;;;;;;"Ut dolorem vel quo odio.";;807;METER;;;;;;;;;;;;;;;;;;;;;;;;;569;;;;;;;
id-734;fam_1;;;;;0;;;;;;;;;;;;;;;;;;;;;;;;;"Eum et dolores eligendi aut.";750;METER;300;211;;;;;;;;;;;;;;;;;;;;;;;;;;;;;;;80;METER;;;;;;;;;;1;;;;;;;;;;86;542;;;;;;"Autem facilis laborum similique.";295;;;;;;;;;;;;;;;;;;;;;;;;;;;;;;;;;;
id-735;fam_21;;;;;;;;;922;METER;;;;;1;;;;;;;;;;;;;;;;;;;;;;;;;;;;1981-06-24;;2000-12-17;;;;;attr_opt_attr_638;;;;;;;;;;;;;;;;;2008-05-25;;;;;;;;;;59;;;;;;;;;;;;;;;;;;911;METER;;;;;;;;;;;;;;;;;;;;;;1;;;;"Id illum dignissimos corporis id ducimus qui.";;;;;;411
id-736;fam_49;;;;;;;977;228;;;;attr_opt_attr_640;;;;;;;;;;;;;;;;;;;;;;;;;;attr_opt_attr_07;attr_opt_attr_05;;;;;;1974-12-23;;;;;;;;;;;;;;;;;;;;;;1990-10-02;;;;;;;;;;;;;;;;;;;401;200;;;;;;;;;;attr_opt_attr_217;;;;;;;;;;;;;;;;;;;;;;;;;"Non ut nesciunt qui rerum occaecati dolor.";;;;;;
id-737;fam_5;;;;;0;;;;;;;;;;;;;;;;;;;;;;;;947;;;;;;;;;;;attr_opt_attr_347;;;;;;;"Aut qui dolor animi distinctio nam ut eum.";;;;;;;;;;;;;;;;315;30;;;;;;;;;;;;;;;;;;;;;;;;;;;;;;;;;;;;;1;;;;;;;;;;;1;0;;;;;;;;;;;;;;;
id-738;fam_27;;;;;;;;;;;;;;;;;"Aspernatur est et ut hic nam omnis.";;;;;;"Explicabo eaque illo eaque nobis.";;;;;;;;722;METER;;;;;;;;attr_opt_attr_342;attr_opt_attr_257;;;;;0;;;;;;;;;;;0;2003-03-31;1975-10-13;;;;;;;;;;"Quibusdam labore deleniti itaque atque dolore natus laborum molestiae.";;;;;;;;;1976-08-24;2014-10-11;;;;;;;;;400;METER;;;;;;;;;;;;;;;;205;35;;;;;;;;;;;;;;;;;;;;;;
id-739;fam_18;;;;;;;;;;;;attr_opt_attr_649;;;;;;;;;;;;;;;;;;;;;;;;;;;;;;attr_opt_attr_967;;;1997-07-31;0;;;;;;;;;;;1;;;;;"Consequatur est dignissimos ad voluptatem natus et.";;;;;;;;;;;;;;;;;;;;;;;;;;368;METER;;;;;747;;;;;;;;;;;;;;;;;;;;;;;;;;;764;;;;;;;
id-740;fam_10;;;;attr_opt_attr_61;;;;;;;;;;;;;;;;;;;;;;;;;;"Et soluta facere ut sed.";;;;;;;;;;;;;;;2005-02-02;;;;;;;;;;;;;;;;;;554;793;;;;;;;;;;;"Inventore in officia eum quod.";;;;;;;;;;;;;;;;;;;;;;;;;;;;;;;;238;132;2008-06-14;;;0;1;;;;;;;;;;;;;380;METER;
id-741;fam_38;;;;;;;;;;;;;;;;;;;;;;;;;;;;;;;;;817;17;;;;;;;;;;;;;"Nisi eum quis vel omnis hic est.";;316;;;;;;;;;1972-04-02;1995-03-11;;;;;;657;METER;;;"Ullam dignissimos odio error et.";;;;;;;;;;;;"Sed quaerat est perferendis voluptate.";;;;;;;;;;;;;476;;;;;;;;;;;;;;;;;;;;;;;;;;;;;;;;;;
id-742;fam_26;;;;;;;497;117;755;METER;;;;;;;;;;;;;;;;;;;;"Omnis odit est beatae impedit omnis nulla exercitationem id.";;;;;;;;;;;;;;;;;;;;;;;;;;;;;;;;;;;;;;2008-12-23;;;;;;;;;;;;;;;;;;572;106;;;;;;;654;;;;;;;1;;;;;;770;624;1997-07-11;;;;;;;;;0;;;;;;;;;;474
id-743;fam_29;;;;attr_opt_attr_68;;;;;;;;;;;;;;;;;;;;;;;;;;;;;;;;;;;;;;;;;;0;;;;;;;;;;;;;;;;"Aut ratione amet explicabo dolorum est suscipit neque sed.";;;;;;;;;;;;;;;;2003-11-08;2004-09-25;;;;656;;;;;;;;;;;;;;;;;;;1;0;;;;;;;;;;;;;;;;;;;;;;;;;
id-744;fam_5;;;;;;;157;903;;;;;;;;;;;;;;;;;;;;;;;;;;;;;;attr_opt_attr_05;attr_opt_attr_07;;;;;;;;;;;;541;877;;;;;;;;;;"Exercitationem quo est fuga placeat molestiae nemo error est.";;;;;1993-08-01;;;;;;;;;;26;;;1986-10-21;;;;;;;;;;;;;;;;;;;;;;;;;;;;;;;;;;625;METER;;;;;;;;;;;;;
id-745;fam_31;;;;;;;;;81;METER;;;;;;;"Temporibus nam consequatur totam voluptatem.";;;;;;;;;"Neque ipsum consequatur est perspiciatis fugiat iste consequuntur.";;;;;;;;;;;;;;attr_opt_attr_342;;;;;;;"Consectetur eaque est itaque voluptatem.";;;;;;;;;;;;;;;;649;18;;;;;;attr_opt_attr_520;;;;;;;;2012-12-26;2001-04-21;;;;;;;;;;;;;;;;;;;;;;;;;;;;;;;;;;;;;;;;;;;;;;;;;
id-746;fam_13;;;;;;;59;144;;;;;;;;;;;;;;;;;;;;;;"In quas labore excepturi velit.";;;;;;;;;;;attr_opt_attr_253;;;;;;;;;;;;;;;;;;;;;"Architecto laudantium accusamus sequi sint.";;;;;;;;;;;;1983-01-13;;;;;;;;;;;;;;;;;;;"Aperiam voluptatem dolor commodi delectus et.";;;;;;;;;0;1;;;;;;;;;;;;;;;;;;;;"Neque occaecati voluptatem nihil eum.";;;;;626
id-747;fam_6;;;"Debitis neque id quo id accusantium earum ut ea.";;;;;;;;;;;;;;;;;;;;;;;;;;;;;;;;;;;;;;;;;;;1;;;;;;;;;;;;;;;;;;;;;;;;;;;;;;;;;;;;;;attr_opt_attr_562;;;;;;;;;;;;;;;;;0;1;1;;;;;;;;;;;;;;;;;;242;"Quae vitae nobis eum rerum voluptatem.";;;1;;;
id-748;fam_15;;;"Quis alias eos vero nemo et perspiciatis repellendus illum.";;;;621;582;;;;;;;;;;;;;1979-03-12;;;;;;;;;;;;;;;;;;;;;;2011-10-21;;2000-07-07;;;;;attr_opt_attr_638;;;;;;;;;;;;;;;;;;;;attr_opt_attr_527;;;;;;;;;;;;;;;;;;;;;;;;;;;;;;;;;;;;;;;2015-11-10;;;;;;;;;;;;;;;;;;;
id-749;fam_32;;;;;;;;;;;;;;;;;"Rerum nihil doloribus voluptatem.";;;;;;;;;"Qui fugiat omnis ab esse tenetur id ipsa.";;;;;;;;;;;;;;;;;;;;;;;;;985;427;;;433;340;;;;;;;164;974;;;;;;;;;;;;;;;;;;;;;;;;;;;;;;;;;;;;;;0;1;attr_opt_attr_150;127;758;;;;;;;;;;;;;;;;;;;;149;METER;
id-750;fam_15;;;"Sit aliquam ratione voluptatem atque.";;;;;;;;;;;;;;;;;;;;;;;;;;;;;;;;;;;;;;;;;;;;;;;;;;;;;;;;;936;METER;;;;;;;;;attr_opt_attr_520;;;;;;;;;;;;;;;;;;417;METER;;;;"Dolorem et praesentium est itaque autem.";553;;;;;;;;;;;;;;;;;;;;;;;;;;;;;;;;;;
id-751;fam_14;;;;;;;;;109;METER;;;;;;;;;;;;;;;;;;;;;;;;;;;;attr_opt_attr_01;attr_opt_attr_00;;;;;;;;;;;;;;;;;;0;;;;;;;;;;;;;;;;;;;0;;;;;;;270;;;;;;;;;;"Facilis cum aut iure laborum.";;;;;attr_opt_attr_599;attr_opt_attr_592;;;;;;;;;;;;;;;;;"Commodi ut saepe molestiae eum.";;;;;;;;;;393;METER;
id-752;fam_41;;;;;;;;;;;;;;;;;;;;;;;;;;;;;;"Accusantium voluptas ex error aut quia aut.";;;;;;;;;;attr_opt_attr_342;;;2011-10-26;;;;;;;attr_opt_attr_636;;;;;;;;;;;;;;;;;;;;;;;;;;;;;;;;;;;;;;;;791;702;;;;;;;;;;;;;;;;;;;;;;;;;;;;;;;;;;;282;METER;
id-753;fam_36;;;;;;;857;197;;;;;;;;;;;;363;1982-08-26;;;;;;;;;;;;;;;;;;;;;;;;;;;;;;;;;;;;0;1997-01-10;2003-03-17;;;;;;;;;;;;;;;;;;;;;;;;;;;;;;;;;;;;;;attr_opt_attr_217;;;;;;;;;;;;;;;;;;;;;;553;METER;;;;;0;;;
id-754;fam_43;;;;;;;;;;;;;;;;;"Fuga eos dolor fugit suscipit.";;;;;;;;;;;;;;79;METER;;;;;;;;;;;1987-05-22;;2001-05-15;;;;750;;;;;;;;;;;;;;;;;;;;;;;;;1977-12-12;;;;;;;;;;;;;;;;;;;"Ea rerum minus illo voluptatem voluptatum.";;35;METER;;;;;1;;;;;;;;;;;;;;;;;;;;;;;;;408;METER;
id-755;fam_21;;;;;;;;;;;;;;;;;;;;270;;;;;;;;;;;;;;;;;;;;attr_opt_attr_344;;;;;;1;;;;;;;;;;;;;;;;;;;;;;1991-09-16;;;;;;;;;;;;;;;308;;;;;;;;;;;;;;;;;;;;;;;;;;1988-03-28;;;;;;;"Cumque autem animi iste nihil sit sunt nesciunt quibusdam.";;;;;;"Incidunt in enim voluptas.";;;;;;
id-756;fam_8;;;"Sunt alias soluta temporibus.";;;;570;711;572;METER;;;;;;;;;;;;;;;;;;;;;;;;;;;;;;;;;;;;;;;;;;;;;;;;;;;;;;;556;METER;;;;;;;;;;;;;;;;;;;;;;;;;;;;756;;;;;;;;;;;;;;;;;;;;;;;;;;;;;;;;;;
id-757;fam_37;;;;;;;;;;;;;;;;0;;;;;;;;;;;;;;;;;;;;;;;;;attr_opt_attr_254;attr_opt_attr_968;;;;;;;;;;;;;;;;;;;;;;;;;;;;;;;;;"Dolorem sint optio ut voluptatem nihil temporibus perferendis quibusdam.";;;1972-05-16;1982-11-04;;;;;;;;;;;;;;;;;;;;;;1;1;0;;;;;;;;;;;;;;;;;;;;;;;;;
id-758;fam_12;;;"Quaerat repudiandae et aliquid consequuntur excepturi.";;;;;;;;;;;;;;"Inventore praesentium excepturi deleniti ut.";;;;;;;;;;;;;;;;;;;;;;;;;;;;;;;;;;;;;;14;704;;;;;;;;;151;METER;1976-09-13;;;;;;;;;;;;;;;;;;;;;;;;;;;;;;;;;;;0;0;attr_opt_attr_150;;;;;2005-04-16;;;;;;;;;;;;;;;;;;;
id-759;fam_0;;;;;;;629;865;799;METER;;;;;;;;;;;;;;;;;;;;;;;;;;;;;;;;;;;;;;;431;;;;;;;;;;;;;;172;708;;;;;"Aliquid vel consequatur illo omnis.";;;;;;;;;;;;;;;;;;;;;;;;;;;;;;;;;;;;;;;;;;;;;;;;;0;;;;;;;1;;;
id-760;fam_46;;;"Provident voluptas esse deleniti voluptatem.";;;;;;;;;;;;;;"Vitae enim iste dolore neque sunt autem.";;;;;;;;;;;;;;;;667;425;;;;;;;;;;;;;;;;;;;;;;;0;;;;;;;;;;;;"Dolores magni libero quis in sit animi.";;;;;;"Deserunt dolores quibusdam repudiandae et.";;656;;;;;;;;;;;;;;;;;;;;;;;;1;;;;;;;;;;;;;;;;;0;;;;;;;;;;
id-761;fam_0;;;;;;;;;;;;;;;;;;;;;;;;;;;;;;;;;755;653;38;;;;;;;;;;1979-04-15;;;;;attr_opt_attr_634;;;;;;;;;;;;;;;70;METER;;1996-10-15;;;;;;;;;;;;;;;;;;;;;;;;;;;;;;;;;;;;attr_opt_attr_154;;;;;;;;;;;;;;;;;;;;;;;;
id-762;fam_23;;;;;;;;;;;;;;;;;;"Ut soluta voluptas iusto odio similique.";"Accusantium nostrum quaerat voluptas libero.";;;;;;;;;;;;;;;;;;;;;;;attr_opt_attr_969;;;;;;;;;;;;;326;960;;;;427;METER;"Praesentium pariatur facere et suscipit.";;;;;;;"Et exercitationem mollitia vel id optio accusamus ex.";;;;;;;;;1990-11-30;2003-07-24;;;;;;;;;;;;;;;78;;;;;;;;;;;;;;;;;;;;;;;;;;;;"Voluptatem quos ut minus.";;;;;;
id-763;fam_24;;;;;;;;;;;;attr_opt_attr_645;;1;;;;;;;;;;;;;;;;;;;;;;;;;;attr_opt_attr_346;;;;;;;;;892;;;;;;;;;;;;;;;;;;;;;;;;;;;;;;;;;;;;;332;437;115;METER;;;attr_opt_attr_497;;;;;;;;;;;;;;;;;;;;;;;;;;0;;;;;;attr_opt_attr_914;;;;
id-764;fam_45;;;;attr_opt_attr_64;;;;;;;;;;;;;;;;;;;;;;;;;;"Repellat molestiae qui error ut.";598;METER;947;933;;;;;;;;;;;;;;;;;55;532;;;;;;;;;;"Praesentium occaecati ipsa et sequi sint nemo.";;;;;;;;;;;;;;;;;;;;;;;;666;863;;;;;;;;;;;attr_opt_attr_594;attr_opt_attr_599;;;0;0;;;;;;;;;;;;;;;;;;;;;;;;;
id-765;fam_18;;;"Omnis voluptas quis distinctio molestiae odit molestiae aperiam.";;;;;;;;;;;;;;;;;;;;;;;;;;;;;;;;;;;;;attr_opt_attr_340;attr_opt_attr_259;attr_opt_attr_962;;;2010-03-04;;;;;attr_opt_attr_638;;;;;;;;;;;;"Maiores aperiam et debitis recusandae ab.";;;;;;;;attr_opt_attr_522;;;;;;;;;;;"Earum neque omnis quis animi dolore voluptas.";;88;;;;;442;METER;;;;;;;;;;;;;;;attr_opt_attr_153;;;;;;;;;;;;;;;;;;;;;;;;
id-766;fam_15;;;;;;;;;;;;;;;;;"Saepe esse molestiae ullam est.";;;;;;;;;;;;274;;;;;;;;;;;;;;;;;1;"Sed quidem quis quia velit.";;;;;;;;;;;;;;;;;;414;METER;;;;;;;;;;;284;;;;;;;;;;;;;;;;"Distinctio sapiente aut eligendi fugit.";695;;;;;;;;;;;;;;;;;;;;;;;;;;;;;;;;;;
id-767;fam_23;;;;;;;;;377;METER;;;;;;;;;;;;;;;;;;;;;;;;;;;;attr_opt_attr_01;attr_opt_attr_03;attr_opt_attr_342;;;;;;;;;;;;;;;522;8;;;;847;METER;"Velit occaecati molestias ex cumque qui.";;;;;;;"Mollitia asperiores impedit veniam qui doloribus.";attr_opt_attr_528;;;;;;;;1998-10-31;1984-12-08;;;;;;;;;;;;;;;;;;;attr_opt_attr_597;attr_opt_attr_592;;;;;;;;;;;;;;;;;;;;;;;"Impedit fugiat dolorum suscipit voluptatibus.";;;;;;
id-768;fam_20;;;;;;;;;;;;;;0;;;;;;;;;;;;;;;;;345;METER;;;10;;;;;attr_opt_attr_342;;;;;;1;;;;;;;;;;;;;;;;;;;;;;;;attr_opt_attr_526;;;;;;;;;;;;;31;;;;;;;;;attr_opt_attr_499;;;;;attr_opt_attr_218;;;;;;;attr_opt_attr_155;;;;;;;;;;;;;;;;;;;;;;;;
id-769;fam_7;;;;;;;;;;;;;;0;;;;;;;;;;;;;;;;;;;793;988;;;;;;;;;;;1996-08-23;;"Explicabo et explicabo magnam voluptas earum qui blanditiis.";;;;;;;;;;;;;;;;330;524;;;;;;;;;;;;;;;;;;;;;;;;;;413;570;;;666;;;;;;;;;;;;;;;;;;;;;;"Excepturi autem velit eum.";;;;;;;;attr_opt_attr_915;;;;
id-770;fam_37;;;;;;;726;632;;;;;;;;;;;;;;;;;;;;;;;;;;;;;;attr_opt_attr_07;attr_opt_attr_04;;;;;;;;;;62;;;;;;;;;;;;;"Illum aut vel est ad magni est minus placeat.";8;375;;;;;"Facilis labore aut dignissimos laboriosam quo incidunt nihil.";;;;;;;;;;;;;;;attr_opt_attr_564;;;;;;;;;;;;;;;;;;;;;;;;;;;;;;;;;;;;;;;;;;;;
id-771;fam_2;;;;;;;;;73;METER;;;;;;;;;;594;2012-03-07;;;;;;;;;;;;;;;;;;;;;;;;;;;;;;;;;;;;;;;700;METER;;;;;;;2014-04-17;;;;;;;;;;;;;;;;;;;;;;;;;;;;;;attr_opt_attr_592;attr_opt_attr_594;;1;;;;;;;;;;;;;;;;;;;;209;;;attr_opt_attr_914;;;;
id-772;fam_42;;;;;;;;;;;;;;;;;;"Cumque et odio ex saepe est.";"Inventore ipsa porro id.";;;;"Sed sed ut dolorem omnis rerum repudiandae.";;;;;;;;;;;;;;;attr_opt_attr_08;attr_opt_attr_09;;;;;;;;;;;;;;;;;;;;;;;;;;;;2010-10-11;;;;;;;;;;;;;;;;;;;;;;;;;;;;;;;;;705;;;;;;;;;;;;;;621;METER;;;;;;;;;;;;;
id-773;fam_32;;;"Possimus nihil totam unde dolores esse exercitationem neque.";;;;;;;;;;;;;;"Et nihil qui eos voluptas quae quo esse necessitatibus.";"Voluptatem fuga beatae quia autem consequuntur quia porro odit.";"Qui voluptas qui consequatur vel at.";;;;;;;"Consectetur aut veniam ex eos et rerum.";;;;;;;;;;;;;;attr_opt_attr_346;;;;;;;;;;;;;;;;;;;;;;;657;706;869;METER;;;;;;;;;;;;;;;;;;;;;;;;907;93;;;;;;;attr_opt_attr_592;attr_opt_attr_594;;;;;;;;;;;;;;;;;;;;;;;;;;;;;
id-774;fam_3;;;;;;;;;;;;;;;;;;;;;;;;;;;;;;;;;691;682;;;;;;;;;;;;;;;;;;;;;;;;;;;;"Recusandae earum consequatur molestias provident earum.";;;;;;;;;;attr_opt_attr_239;;;;;;;;;"Molestiae animi quia similique facilis culpa tenetur.";;;;;;;;;;;;;;;;;;;;;;;;;;267;944;;;;;;;;;;;;;;"Maiores amet ab est ad neque.";"Ea repellat est et veniam sit impedit.";;;414;METER;
id-775;fam_29;;;"Molestiae consequatur ducimus nobis dignissimos quisquam quia.";;;;;;994;METER;;;;;;;;;;315;;;;;;;;;;;354;METER;;;;;;;;;;;;;;;;"Autem iste cum repellat quia.";;attr_opt_attr_636;;;;;;;;;;;;;;;;;;;;;;;;2013-04-13;;;;;;;;;;;;;;;;;;;;;;;;;;;1;;;;998;916;;;;;;;;;;;;;;;;;;;;;;
id-776;fam_34;;;"Sed quasi fugiat illum.";;;;277;526;35;METER;;;;;;0;;"Ut vel modi tempore sapiente.";"In aliquam asperiores corporis rerum voluptatem.";;;;;;;;;;;;;;;;;;;;;;;;;;;;;;;;;;;;;;;;;;;;;;;;;;;;;;;1994-10-17;;;;;;;"Qui maiores et est.";;;;;;;;;;;attr_opt_attr_492;;;;;;;;;;;;;;;;;;;;;;;;;;;;;;;;;;;;
id-777;fam_21;;;;;;;;;;;;;;;;;;;;;;;;;;;;;;;;;;;;;;;;attr_opt_attr_346;;;;;1977-12-20;0;;;;attr_opt_attr_634;;;;;;;;;;;;;860;161;;;;;;;;;;;;;;;;;;;598;;;936;814;401;METER;;;;;;;;;;;;;1;0;;;;;;;;;;;;;;;;357;METER;341;;;;;;;
id-778;fam_7;;;"Voluptatem laudantium et corrupti quasi veniam dolores sint et.";attr_opt_attr_63;;;361;948;307;METER;;attr_opt_attr_646;;;;;;;;;;;;;;;;;;;;;;;;;;;;;;;1983-08-13;;1971-11-23;;;;;;;;;;;;;;;;;;;;;;1996-08-16;;;;;;;;;;;1993-05-22;1999-05-23;;;;;;;;;;;;;;;532;;;;;;;;;;;;;;;;;;;;;;"Quia blanditiis sint qui rerum et.";;;;;;;;;;;;
id-779;fam_34;;;;;;;;;;;;;;;;0;;;;;;;;;;;;;;;;;;;;;;;;attr_opt_attr_346;attr_opt_attr_259;;;;;;;"Provident magni optio nulla mollitia et sequi non.";;;;;;;;;;;;;;;;;;;;;"Architecto voluptas delectus ut quia.";;;;;;;;;;;;"Sed molestias officia enim dolor quaerat quo.";;;;;;;;;;;;"Dolor quasi nihil molestias dolorem.";;;;;;;;;;;;;;;;;;;;;;;;;;;;;;;;;;;
id-780;fam_35;;;;;;;331;178;;;;;;;;;;"Reprehenderit eveniet et dolores nihil.";"Assumenda non ea voluptatem quia.";;;;;;;;;;;"Tempora dolor omnis quis fuga similique.";;;;;;;;;;;;;;;;;;;;;;;;;;;0;;;;;;;;;;;;;;;;;;;0;416;;;;;;;;;;;;;;;;;;;;;;;;;;;;;;;;;;;;;;;;;0;;;;;;;1;192;METER;
id-781;fam_10;;;;attr_opt_attr_64;;;;;210;METER;;;;;;;;;;;;;;;;;;;;;;;;;;;;;;attr_opt_attr_347;attr_opt_attr_250;;;;;;;;;;;;;;;;;;;;;;;;;;;;;;;;;;;;;;;;;;;;;;;872;METER;;;;;;;;;;;;;;;;;;;;;;;;;;;;;;;;;;;;;;;
id-782;fam_13;;;;;;;;;;;;;;;;;;"Nam est necessitatibus unde dolorem tempore maiores.";"Voluptates saepe est magni iure totam incidunt eum.";;;;;;;;;;350;"Error adipisci voluptatem quasi.";;;153;607;;;;;;;;;1982-01-08;;;;;;;;;;;;;;;;;;;;;;;;;;;;;;;;"Similique quis nesciunt sunt corrupti.";;;;;;;;;;;;;;;;;;"Sed aut aut magnam quia et eum ut sed.";;;;;;;;;1;0;;;;;;;;;;;;;;;;;;;;;;;;;
id-783;fam_46;;;;;;;;;;;;;;;;;"Ut totam dolor ut ea.";"Voluptatem inventore quo similique et ut vero qui porro.";"Amet atque unde minima recusandae cupiditate et quisquam facilis.";;;;;;;;;;;;;;;;;;;;;;;;;;;;;;;;954;294;;;;;1;;;;;;460;727;;;;;;;;;;1971-09-30;;;;;;;;;;;;;;;;;;;;;;;;;;;0;;;;;;;;;;;;;;;;;;;;;;;;;;;724
id-784;fam_25;;;;;;;;;;;;;;;;;;;;;;;;;;;;;968;;;;;;;;;;;attr_opt_attr_343;;;;;;;"At quo ex in quasi ut dolorem rerum.";"Perspiciatis qui odio aut magni.";;;;;;;;;0;;;;;;;;;;;;;;;;;;;;;;;;;;;;;;;;;;;;;;;;attr_opt_attr_219;;;;;;;;;;;;;;;;;;;;;1;;;;;;;;;;
id-785;fam_9;;;;;;;;;;;;;;;1;;;;;;;;;;;"Non et aut et alias.";;;;;;;;;;;;;;;;;;;;;;;;;;;;;;;;;;;;;;;327;METER;;;;attr_opt_attr_528;;;;;;;;;;;;;;;;;;;;120;859;;"Animi et voluptas ex illum.";;;;;;;870;;;;;;;;;2010-09-06;;;;;478;METER;;;;;;;;;;;;;
id-786;fam_47;;;;;;;;;;;;;;;;;;;;;;;;;;;;;;;;;;;773;;;;;;;;;;2014-03-15;1;;;;;;;;;;;;;;;;;;;467;METER;2001-05-09;1993-07-27;;;;;;;;;;;;;;;;;;396;857;;;;;;;;;;;;;777;;;;;;;;;;;;;;;;;;;;;;;;;;;;
id-787;fam_2;;;;attr_opt_attr_66;;;;;;;;;;1;;;;"Voluptatem eveniet ut id nam soluta quia laboriosam recusandae.";"Voluptates architecto quo et doloribus totam numquam qui ea.";60;;;;;;"Aut architecto nostrum assumenda dolore.";;;;;;;;;;;;;;attr_opt_attr_346;;;;;;;;;150;;;;;;;;;;;;;;;;;;;;;;;;;;;;;;;;;;;;;368;697;;;;;;;;;;;;;;;;;;;;;;;;;;;;;;;;;;;;"Rerum qui qui deleniti magnam dolores corporis.";;;337;METER;
id-788;fam_30;;;"Delectus exercitationem architecto qui corporis consectetur earum est.";;;;;;;;;;;;;;;;;;;;;;;;;;;;;;;;;;;;;;;attr_opt_attr_964;;;;;"Explicabo quam est corrupti sapiente deleniti.";;;;;;;;;;;;;;;;;;;;2015-05-19;1972-09-16;;;;attr_opt_attr_231;;;;0;609;;;;;;;;;;;;;;;;;;;;;;;;;;;;;;;;;;;;;;;;;;;;941;;;;0;;;
id-789;fam_39;;;;;;;;;;;;;;;;;;;;;;;;;;"Occaecati fugit inventore harum.";;;910;;;;;;;;;;;;;;;;;;;;;;;;;;;;;;;;;;;;;;;;;;;;;;"Voluptas ut iure est recusandae.";;;;;;;;;;;;;;;;;;;;959;METER;;;;;;;;attr_opt_attr_150;;;;;;;;;;;;;;;;;293;;;;;;;
id-790;fam_32;;;"Ea aut qui neque iusto.";;;;;;;;;;;;0;;;;;;;;;;;;;;;;;;;;;;;attr_opt_attr_00;attr_opt_attr_04;;;;;;;;;;;;327;341;;;;;;;;;;;;;166;METER;;;;attr_opt_attr_524;;;;;;;;;;;;;;;;;;;;;;;;;;;;attr_opt_attr_593;attr_opt_attr_596;;;1;1;;702;863;;;;;;;;;;;;;;;;;;;;;;
id-791;fam_41;;;;;;;;;163;METER;;;;;;;;;;45;1982-05-29;;;;;;;;;;;;;;;;;;;attr_opt_attr_344;;;;;;0;;;621;;;;;;640;129;;;;;;;;;135;METER;;;;;;;;;;1;;;;;;;;;;;;;;;;;;;;;;attr_opt_attr_594;attr_opt_attr_596;;;1;1;;;;;;;;;;;;;;;1;;;;;;;;;;
id-792;fam_17;;;;;;;;;;;;;;;;;;;;;;;;;;;;;;;;;;;;;;;;;;;;;;;;;;;;;;;;;0;;;;;"Libero quo voluptatem fugiat corporis blanditiis exercitationem omnis recusandae.";;;;;;;;;;attr_opt_attr_232;;;;;798;;;;"Aperiam quia et quasi autem omnis consequatur cupiditate.";;;attr_opt_attr_567;;;;;;;;;"Deleniti ducimus dolorem libero.";;;;;;;360;;;;;849;579;;;;;;;;;;;;;;;932;;;;;;;
id-793;fam_8;;;;attr_opt_attr_69;;;;;;;;;;;;;;;;;;;;;;;;;;;;;;;;;;attr_opt_attr_06;attr_opt_attr_08;;;;1979-09-21;;;;;;;attr_opt_attr_637;;;;;;;;;;;;;;;;;;;;;;;;;;1;;;;;;;;;;;;;;;;;;;;;;;;;;;;;;;;;;;;;;;;;;1;;;;;;;;;;
id-794;fam_0;;;"Sunt totam sint vel recusandae sint odio quod.";;;;;;;;;;;;;;;;;;;;;;;;;;;;;;;;;;;;;;;;;;;;;;395;attr_opt_attr_633;;;;;;;;2009-10-25;1984-08-31;;;;;;;;;;"Voluptatem culpa exercitationem dolor sit non.";;;;;1997-02-18;;;;;;1972-09-04;;;;;;;;;;;;;;;;;;;;;;;;;;;;;;;;;;;;;;;;;;;;;0;;;
id-795;fam_32;;;;;;;;;;;;;;;;;;"Laboriosam soluta expedita sed repudiandae adipisci.";"Voluptatem non et sit beatae sapiente.";;;;;;;;;;;;;;18;597;;;;;;;;;;;;1;;;;;;;;;;;;;;;;;140;592;;;;;;;;;;;;;;;;;;;;attr_opt_attr_566;;;;;;413;878;;;;;;;;;;;;;attr_opt_attr_159;;;;;;;;;;;;;;0;;;;;;;;;;
id-796;fam_44;;;;;;;;;;;;;;;;0;;;;;;;;;;;;;;"Impedit sunt quia repellat illum in voluptas totam.";;;;;;;;;;;;;;;;;;;886;;650;476;;;;;;;;;;;;;;;2008-03-07;;;;;;;;;;;;;;;;;;;;;;;;;;;;;;;;;;;;;attr_opt_attr_151;60;799;;;1993-08-02;;;;;;;"Non tempora non non fuga magnam dolore eum.";;;;;;;;;;;;
id-797;fam_10;;;;;;;;;;;;;;;;;;;;;;;"Itaque non voluptatem rerum est amet expedita fuga qui.";;;;;;;;;;175;589;;;;;;attr_opt_attr_345;attr_opt_attr_257;;;;;;;;;;;;;;;;;;;;;;;;;;;1980-08-29;;;;;;;;;;;;;;;;;;;;;;;;;;;;;;;;;;;;;;;;;;;;;;;;;;;;;;;;attr_opt_attr_912;;;;
id-798;fam_29;;;"Error rem repudiandae reprehenderit rerum quis et.";;;;;;;;;;;;;;;;;749;;;;;;;;;;"Necessitatibus laboriosam est ipsa laborum error.";;;;;;;;;;;;;;;;0;;;;;813;259;;;;;;;;;;;;;;;;;;;;;;;;;;1985-03-05;1993-04-15;;;;;;;;;;;;;;;;;;;attr_opt_attr_592;attr_opt_attr_593;;;;;;;;553;492;;;;;;744;METER;;;;;;;;;;;;;
id-799;fam_15;;;;attr_opt_attr_68;;;108;430;;;;;;;;;;;;;;;;;;;;;;;;;;;;;;;;;;;1971-05-15;;;;;;;;;;;;;;;;;;;;;;;;;;"Dolore quia et explicabo vitae fugit.";;;;;;;;;;;;;;769;;;;;329;METER;;;;"Fugiat fugit sint minima.";;;;attr_opt_attr_216;;;;;;;;;;;;1970-06-02;;;;;;;;;;;;;"Quo expedita et iste ea dolor.";;;1;;;
id-800;fam_49;;;;;;;;;;;;attr_opt_attr_644;;;;;;"Doloribus iusto adipisci tempora et.";"Ipsum repellendus eius omnis in.";;;;;;;;;;;;;;;;;;;attr_opt_attr_04;attr_opt_attr_06;;attr_opt_attr_250;;;;2014-06-12;;;;;;;;;;;;;;;665;METER;"Quis aliquid nam enim ipsam recusandae aut.";;;;;;;;;;;;;;;;;;;;;;;;;;;;;;;"Quod natus occaecati distinctio iure labore sit molestiae.";;;;;;;;;;;;;;;;;;;;;;;"At ipsum autem est soluta.";;;;;;;;;;;;
id-801;fam_19;;;;;;;;;;;;;;;;;;;;;;;;;;"Doloremque ratione illo et quae iusto distinctio et quisquam.";;;182;;803;METER;;;101;;;;;;;;;;;;;;;attr_opt_attr_638;124;299;;;;;;;;;;;;;;;;;;;;;;;;;772;;;;;;99;;;;;;;;;attr_opt_attr_497;;;;;;;;;;;;;;;;;;;;;;;;;;;;;;;;;;;;
id-802;fam_27;;;;;;;;;;;;;;;;;;;;;;;"Nisi velit tenetur repellendus sit enim molestiae.";;;;;;;"Corporis recusandae cumque ratione eaque hic magnam est.";;;;;;;;;;;attr_opt_attr_258;;;;;0;;;;;;;;;;;;1991-03-01;1985-12-25;;;;;;;;;;"Dignissimos alias sint nisi architecto et architecto in.";;;;;;;;;1971-04-12;1997-02-17;;;;;;;;;;;;;;"Ut eos et molestias quae cumque assumenda cumque.";;;;;;;219;;;;;843;329;;;;;;;;;;;;0;;;;;;;;;;26
id-803;fam_33;;;;;;;;;;;;attr_opt_attr_645;;;;;;;;;;;;;;;;;564;;;;633;316;;;;;;;;;;;;1;;;;;;;;;;;;;;;;;;;;;;;;;;;;;;;;2003-12-30;1973-04-11;;;;;;;;;;;;;;;920;;;;;;;;;;;;;;;;;;;;;;;;;;;;;"Corrupti aut reiciendis cupiditate ut earum et.";;;;;
id-804;fam_21;;;;;;;;;;;;;;;;;;;;;;;"Id fugit possimus et dolore sapiente provident.";;;;;;;;;;;;;;;;;;;;;;;1;;;;attr_opt_attr_633;;;;;;;;;;;;;;;;;;;;;;;;;;;;;;;;;;;;;;;;886;77;;;;;;;;;;;;;;;;;;;;;;;;;;;;829;METER;;;"Officia quia delectus nesciunt molestias voluptas consequatur optio.";;0;;;
id-805;fam_27;;;;;;;;;;;;;;;;;;;;;;;;;;;;;;"Illo officiis officia rem corporis veniam.";;;;;;;;;;;attr_opt_attr_258;;;;;;"Consequatur minus quia voluptatem.";;;;;;;;;;1;;;;;;;;;;2014-12-24;;;;;;;;;;;;;;;;;;;672;699;;;;;;;;;;;;;;0;;;;;;;;;;;;;;;;;;;;69;;;attr_opt_attr_911;;;;
id-806;fam_28;;;;;;;;;380;METER;;;;;0;;;;;;1980-07-24;;;;;;;;;;;;;;;;;;;;;;;;;;;;;;;;;;;;;;;;;;;;;;;;;;;;;;;;760;;;;;;935;;;;;;;;;;;;111;METER;;;;;;;;;;;;;;;;;;;;;;;;;;"Quia unde et aut quibusdam in inventore quidem.";;;;972;METER;
id-807;fam_20;;;;;;;;;;;;;;;;;;;;;;;;;;;;;;;;;;;;;;;;;;;;;;0;"Cum quos ullam impedit deleniti nostrum ipsa.";;;;;;;;;;;;;;;;;;;;;;;;;;;;;1;;;;;;;;;;;;;;;;attr_opt_attr_496;;114;;;attr_opt_attr_216;;;;;0;0;;;;;;;;;;;;;;;;;;;;"Dolor velit pariatur harum occaecati autem voluptas debitis.";;;457;METER;
id-808;fam_43;;;;;;;;;;;;;;;;;;;;;;;;;;;;;;;;;;;;;;;;;;;;;;;;;;;;;;;;;;1973-11-09;1977-07-23;;;;;;;;;;"Cum accusantium eligendi dolorum cumque velit dolorem.";attr_opt_attr_527;;;;1997-05-21;;;434;;;;;;;;;;;;;;;;"Dicta quae asperiores neque vero eius et soluta.";;596;METER;;;;;;;;attr_opt_attr_154;;;;;;;;;;;;;;0;;;;;;;;;;
id-809;fam_26;;;;;;;;;;;;;;;1;;"Et voluptatem in quidem.";;;;;;;;;;;;;;;;;;194;;;;;;;;;;1992-12-23;;;"Quo omnis ut in quaerat et aut ullam.";;;;;;;;;;;;;;;;;;;;;;;;;;;;0;;;;;;;536;;;;;;;;;;;;;;;;;;;;;;;;;;;;;;;;;;;1;;;;;;;1;;;
id-810;fam_18;;;;;;;;;;;;;;;;;;;;;;;;;;;;;;;;;;;;;;;;;attr_opt_attr_256;;1974-03-01;;1977-09-09;;;;;;;;;;;;;;;;;"Accusamus officia quas similique et voluptate.";;;;;;;;attr_opt_attr_529;;;;;;;;;;;;;;;;;;;;;;;;;;;attr_opt_attr_212;;;;;;;;243;204;;;1987-02-01;;;;;;;;;;;;;;;;;737;METER;
id-811;fam_26;;;;;1;;;;614;METER;;;;;;;"Facere ut quidem asperiores.";;;;;;;;;;;;;"Quo voluptatem sint libero possimus ut.";;;;;;;;;;;;;;;;;;;;attr_opt_attr_639;;;;;;;0;;;;;;;;;;;;"Ut a enim unde illo.";;;;;;;;;;;;;;;;;;;42;METER;229;196;;;;;;;;;;;;;;;;753;289;;;;;;355;METER;;;;;;;;;;;;;152
id-812;fam_12;;;"Qui facilis aut corporis consequatur atque id.";;;;;;;;;;;;;;"Quo debitis perferendis iusto molestiae.";;;619;;;;;;;;;;;;;;;474;;;;;;;;;;;;;;;;897;517;;;687;666;;;;;;;;;;;;;;;;;;;;0;789;1979-12-20;2008-02-23;;;;;;;;;;;;;;;;;;;;;;;;;;;;;;;;;;;465;METER;;;;;;;;"Earum ratione ipsum quis eum provident.";;;;;
id-813;fam_43;;;;;0;;;;;;;;;;;0;;;;;;;;;;;;;;;;;;;;;;attr_opt_attr_01;attr_opt_attr_06;;;;;;;;;;;;;;;;;;;;;;;;;;;;;;;attr_opt_attr_523;;;;2015-12-27;;;;;;;;;;;;;;;;;;;"Officia consectetur sint aut amet.";;;;;;;;;;;;;;;;2014-04-11;;;;;129;METER;;;0;;;;;"Ut reiciendis et quas ducimus quas.";;;388;METER;
id-814;fam_45;;;"Reprehenderit tempore voluptatem est autem fugiat.";;;;;;;;;;;;;;;;;;;;;;;;;;;"Enim incidunt veniam quod qui.";;;;;;;;attr_opt_attr_07;attr_opt_attr_04;;;;;;1972-11-08;1;"Sequi debitis explicabo corrupti repellat itaque excepturi omnis.";;;;;;;;;;;;;;;;;;;;;;;;;;;;;;;;;;;;;;;;;;;;;;;;;;attr_opt_attr_217;;;;;0;1;;;;;;;;;;;;;;;;;;;;;;;;;
id-815;fam_45;;;;;;;;;;;;;;;;;;;;;;;;;;;;;790;"Rerum odio illum aliquam nostrum nostrum quam.";528;METER;;;;;;;;attr_opt_attr_343;;;;;;;;;;;588;628;;;288;518;;;;;;;;;;;;;;;;;;;;1;;;;;"Facere nam quis eaque voluptates.";;;;;353;966;;;;;attr_opt_attr_490;;;;;;;;;;1;0;;;;;;;;;;;;;;;;;;;;;;;;;
id-816;fam_20;;;;;;;;;423;METER;;;;;;;;;;;;;;;;;;;;;246;METER;734;457;;;;;;;;;;;;;;;;;;;;;;;;;;;;;;;;;;;;attr_opt_attr_526;;;;;;;;;;;;;;;;;;;;;;;;;;;;;;;;;;;;;;;;;;;;;;;;;;;;"Impedit suscipit provident possimus voluptas et laudantium sint aut.";;;;208;METER;
id-817;fam_16;;;;;;;999;52;;;;;;;;;;;;;1978-07-16;;"Reprehenderit ea voluptas sed vel quia repudiandae.";;;;;;;;;;;;;;;;;;;;;;;;;;;;;;;;;;;1972-02-29;1981-08-07;;;;261;615;;;;;"Rem assumenda voluptatem molestiae quis.";;;attr_opt_attr_230;;;;;;;;;;;;;;;;;;;;;"Perferendis delectus consequatur dolorem qui voluptas voluptas.";;;;attr_opt_attr_210;attr_opt_attr_592;attr_opt_attr_591;;;;;;;;;;;;;;;;;;;;;;;;;;;;;
id-818;fam_3;;;;;;;;;;;;;;0;;;;"Assumenda cumque minus quidem aliquam aut aut qui.";"Et quia aspernatur cumque error.";;;;"Quae est quaerat maxime.";;;;;;535;;;;;;;;;;;;;;;;;;;;;;;;;;;;;;;;;;945;473;;;;;;;;;;;;;956;;;;;;;;;;;;;;;attr_opt_attr_495;;4;;;;;;;;;;;;;674;281;;;;;;;;;;;;;;"Autem tenetur omnis perferendis quaerat rem neque.";;;;;;
id-819;fam_24;;;"Officia voluptates veritatis voluptas quod neque.";;;;;;;;;;;;;;;;;;;;;;;;;;;;;;943;160;;;;;;;attr_opt_attr_252;;;;;;;;;;;;;;;;;;;;;;;;;;;;"Cum iure reprehenderit voluptatibus deleniti autem in inventore consequatur.";;;;;1984-02-15;;;;;;;;;;;;;;;;;;;;;;;;;;880;;;;;;;;;;;;;;;;;;0;;;;;;attr_opt_attr_910;;;;
id-820;fam_29;;;"Aliquam voluptas et voluptate facere non magnam ut.";;;;;;;;;;;;;;;;;;;;;;;;;;;;;;531;709;;;;;;;;;;;;;"Animi dolor eaque et.";;;;;;;;;;;;;;;"Omnis eligendi distinctio rerum sapiente harum reiciendis.";;;;;;;;;;;;2002-12-12;;;;;;;"Dolorem rerum voluptates doloremque.";;;;;;;;;;;;;;463;METER;;;;;;;;attr_opt_attr_153;433;753;;;;;;;;;;;;;;;;;;;;;;
id-821;fam_7;;;;;;;;;840;METER;;;;;0;;;;;;;;;;;;;;;;;;;;;;;;;;;;;;;;;"Quia voluptatem vel ullam eius.";;;;;;;;;;;;;;;;;;;;;"Perferendis ratione consequatur sunt nostrum mollitia.";;;;;;;;;;;;;;;;;;;;;;;;;;;;;;;;;;;attr_opt_attr_159;;;;;;;;;;;;;;;939;METER;;;;;;;;
id-822;fam_3;;;;;;;;;;;;;;;0;;;"Fugit facere aperiam harum.";"Atque iure porro placeat eos nam nesciunt.";;;;;;;;;;;;;;;;;;;;;;;attr_opt_attr_962;;;;;;;;;197;976;;;;;;;;;;;;;;;;;;;;;;;;;;;;;;;;;;813;78;;;;;attr_opt_attr_497;;569;;;attr_opt_attr_216;;;;;;;;;;;;;;;;;;;;;;;;;;;;;;;
id-823;fam_47;;;"Qui ducimus magni quidem possimus.";attr_opt_attr_64;;;874;501;19;METER;;;;;;;;;;;;;"Eos voluptatibus nobis dolorum aut.";;;;;;;;;;;;;;;;;;;;;;;;;;;;;;;;;;;;;;;;;;;;;;;;;attr_opt_attr_234;;;;;;2006-02-01;2004-12-10;;;;;;;;;;;;;;;;;;;;;;;;;;;;;;;;;;;;;;;1;;;;;;;;;;
id-824;fam_3;;;;;;;;;;;;attr_opt_attr_643;;;;;;;;725;;;;;;;;;;"Tenetur qui nostrum ut quidem quasi sit a.";;;147;898;;;;;;;;;;;;;;;;;;;;;;;;;;;;;;;;;;;;;;;;;;;567;;;;;;;;;;;;;;;;;;;;attr_opt_attr_219;attr_opt_attr_598;attr_opt_attr_593;;;;;;;;;;;;;;;;;;;;;;;;;;;;;
id-825;fam_22;;;;;;;;;;;;;;;;1;;;;;;;;;;;;;;"Sequi ullam qui aut.";;;;;;;;;;;;;;;;0;;;;;;;;;;;;;;;;;709;536;;;;;"Sit doloribus ut vel tenetur et.";;;;;;"In corporis blanditiis a praesentium quo maiores.";;;;;;;;;;;893;691;;;;;;"Eum reiciendis eum sint natus amet ut totam.";;;;;;;;;;;;;;;;;;;0;0;;;;;;;;;;;;;;;
id-826;fam_33;;;;;;;;;;;;attr_opt_attr_648;;;;;;;;;;;;;;;;;;;;;;;;;;attr_opt_attr_05;attr_opt_attr_03;;;;1983-05-07;;;0;;;;;;;;;;;;;;;;;;;;;;;;;;;;;;;;;;;;;;;;;;;;;;attr_opt_attr_490;;;172;METER;;;;228;;;;;;;;;;;;;;;;;;;;;368;;"Aperiam est aut nostrum aliquid ut voluptas perspiciatis.";;;;;
id-827;fam_34;;;"Perspiciatis voluptate delectus labore aperiam qui et magni placeat.";;;;262;947;;;;;;;0;0;;"Maiores occaecati ab animi aut deleniti itaque rerum.";"Possimus sed voluptates porro nihil temporibus.";;;;;;;;;;;;269;METER;;;;;;;;;;;;;;;;;;;;;;;;;;;;;;;897;998;;;;;;;;;;;;;;;;;;;;;;;;230;METER;;;;;;;;;;;;;;;;;;;;;;;;;;;;;;;;;;;;;;;978
id-828;fam_44;;;;;;;;;;;;;;;;;"Maxime non illo ut quis provident ea eveniet.";;;;;;;;;;;;;;;;;;;;;;;;attr_opt_attr_258;;;;1976-01-05;;;;813;;;;;;;;;;;;;;;;;;;;;;;;;;;;;;;;;;;;;;;;;;;;;;;;;;;;1;1;1;;;;;;;;;;;;;;;;;;;;;attr_opt_attr_911;;;;764
id-829;fam_13;;;;;;;;;;;;;;;;;"Ullam tempore fugit aut quidem et iusto distinctio repellat.";;;;;;;;;;;;;;;;;;;;;;;;attr_opt_attr_257;attr_opt_attr_961;;;;;;;;;;;;;;;;;;;;;335;3;;;;;;;;attr_opt_attr_237;;;;;;2015-12-06;1990-01-10;;;;;;;;;;;;;;"Eum dolorum quis magnam alias.";;;;attr_opt_attr_214;;;;;;;;;;;;;;;;;;;;;;;;;;;;;;;
id-830;fam_17;;;"Molestias ut earum dolorem consectetur est impedit aut.";;;;;;117;METER;;attr_opt_attr_641;;;;;;;;;;;;;;;;;;;;;;;;;;;;;;;;;;;;;236;;;;;;354;876;0;;;;;;;;;;;;;;;;;;;;;;;;;;;;;;;;;;;;;451;;;;attr_opt_attr_593;attr_opt_attr_591;610;;0;1;;;;;;;;;;;308;METER;;;;;;;;;;;;;
id-831;fam_36;;;"Aperiam saepe suscipit maxime sint eum.";;;;26;832;;;;;;;;;;;;;;;;;;;;;;;;;;;;;;;;;;;;;;0;;;;;;;;;676;581;;;;;;;;;;;;;;;;;;1996-03-19;;;;1981-08-21;1983-10-29;;;;;;;;;;;504;164;;;;;;;;;;;;;;;;;;;;;0;1;;;;;;;;;;;;;;;
id-832;fam_39;;;;;;;;;;;;;;;;;"Ut ipsa rerum assumenda earum dolor ad totam.";;;;;;;;;;;;;;;;;;;;;;;;;;;;;;;;;;692;165;;;;;;1971-08-29;1977-10-26;;;;;;;;;;;;;;;;;0;;;;;;;;;;;;743;METER;492;486;;;;;;;attr_opt_attr_599;attr_opt_attr_599;;;;;;;;;;;;;;;;;;;;;;;;"Et animi dolorum recusandae quo.";;;;;
id-833;fam_32;;;;;;;;;;;;attr_opt_attr_648;;;1;;;;;;;;;;;;;;;;;;;;;;;;;;;;1987-02-27;;;;;;;;;;;;;;;;;;;;;;;;2005-08-18;;;;;;;;;;;;;;;;;attr_opt_attr_564;;;;;;;;;;;;;;;;;0;;;;;;;;;;;1;1;;;;;;;;;;;;;;;
id-834;fam_19;;;;;;;;;;;;;;;;;;;;530;;;;;;"Nesciunt ea ut soluta placeat.";;;;;;;;;339;;;;;;;;;;;;"Ipsum excepturi enim pariatur quia dolores rerum et.";"Eaque voluptates eius maiores aut sed minima.";;;;;;;;;;;;;;;;;;;;;"Eaque sit dolorum dolores nostrum sed deserunt.";;;;;;;0;;;;1977-04-14;;;323;;;;;;;;;;;;;;;;;;;;;;;;;;;;;;;;;"Maiores dolor vitae ut sit molestiae.";;;;;902;;;;;;;
id-835;fam_17;;;"Et similique doloremque minima repellendus nemo eos.";;;;;;;;;;;;;;;;;;;;;;;;;;;;;;640;325;;;;;;;attr_opt_attr_251;attr_opt_attr_962;;;;;;;;;;;;;;;;;;;;"Non voluptate impedit suscipit voluptatibus dolor eos commodi.";;;;;;;;;;attr_opt_attr_233;;;;;;;;;;;;attr_opt_attr_560;;;;;;;;;;79;;;;attr_opt_attr_594;attr_opt_attr_593;266;;;;;;;;;;;;;;;;;;;;;;;;;;;;
id-836;fam_17;;;;;;;;;;;;attr_opt_attr_647;;;;;;;;;;;;;;;;;;;;;;;;;;;;;attr_opt_attr_250;attr_opt_attr_968;;;;;"Reiciendis repudiandae nihil facere non qui recusandae.";;;;;;;;;;1;;;;;;;;;;;;;;;;;1980-12-07;;;609;;;;;;;;;;;;;;;;"Rerum quia qui nam qui accusamus voluptatem.";;;;;;;303;;;;;;;;;;;;;;;;"Id id nemo rem ut ea quia.";;;;;904;;;;;;;
id-837;fam_49;;;;;;;;;;;;attr_opt_attr_643;;;;;"Assumenda dicta recusandae nisi temporibus dolores ad voluptate.";;;;;;;;;;;;;;;;;;;;;;;;attr_opt_attr_250;;;;;;;;;;;;;;;;;;;;;;;;;;;;;;;;;;;;;;;;;;;;;;;;;;;;;60;;;;;;155;0;;;;;;572;932;;;;;;;;;;;;;;;;;;;;
id-838;fam_20;;;"Ut ut nihil non architecto necessitatibus vel.";;;;;;;;;;;;;;;;;;;;;;;;;;;;;;;;;;;;;attr_opt_attr_341;;;;;2002-05-30;;;;;;;;;;;;;;;;;;;;;;;;;;;;;;;;;;;;"Pariatur suscipit dolorem consequatur neque enim ratione.";;;attr_opt_attr_562;;;;;;;;attr_opt_attr_495;;;;;;;;;;;;attr_opt_attr_157;;;;;;;;;;;;;;;;;;"Dolorem qui neque a ut aliquid.";;;0;757;METER;
id-839;fam_11;;;;;;;527;289;;;;;;;;;;;;;;;;;;;;;;;;;;;;;;;;attr_opt_attr_342;;;;;1995-12-15;;;;;;;;;;;;;;;;;"Libero aliquam magni laboriosam neque laudantium quia soluta.";;;;;;;"Sit sequi ut distinctio incidunt dolor consequatur aut.";;;;;;"Optio tenetur molestias voluptas ut.";;;;;;;;;;;;;;;;;attr_opt_attr_499;;;;;;;;;;;;;;;;;;;;;;;;;;;741;METER;;;;;;;;
id-840;fam_47;;;;;;;;;27;METER;;;;1;;;;;;;;;"Occaecati exercitationem soluta aut ipsa pariatur inventore et et.";;;;;;;;;;;;184;;;;;;;;;;;;;;;;;;;;;;;;;;;;;;;;1985-04-10;;;;;attr_opt_attr_238;;;;;;;;2006-02-16;;;;;;;;;;;;;;;;;attr_opt_attr_215;;;251;;;;;;;;;;;;;;;;;;;;;;;;;;;;
id-841;fam_47;;;;attr_opt_attr_66;;;;;;;;;;;;;;;;;1981-01-15;;"Repellat maiores optio sit dolorum.";;;;;;;;;;;;39;;;;;;;;;;;;;;564;;;;;;;;;;;;;;;;;;;;;attr_opt_attr_525;;attr_opt_attr_232;;;;;;;;;;;;;;;;;;;;;;;;;;;;;;;;;;;;;;;;;;;;;;;;;;;"Dolorum consequatur omnis magni voluptas ea qui molestiae.";;;;;
id-842;fam_36;;;;;;;;;;;;;;;;;;;;262;1976-05-06;;;;;;;;;;;;;;;;;;;;;;;;;1;"Laboriosam beatae incidunt ipsa excepturi ut.";;;;;;;;;;;1986-10-03;2016-05-17;;;;;;;;;;;;;;;;;;;2005-01-03;1993-10-20;1997-01-01;;;;;;;;;;;;;;;;;;;;;;;;;;;;;;;;;;;;;;;;;;;;attr_opt_attr_916;;;;
id-843;fam_42;;;"Fugiat impedit rerum labore debitis eum.";;;;;;;;;;;;;;;;;;2006-10-28;;;;;;;;;;;;;;;;;attr_opt_attr_02;attr_opt_attr_08;;;;;;;;;;;;;;;;;;;;;157;METER;;;;511;METER;;;;attr_opt_attr_523;;;;;;;;;;;"Dicta quibusdam qui deserunt velit aut.";;;;;;;;;;;;;;;;;;;;;;;attr_opt_attr_159;;;;;;;;;;;;;;;731;METER;;;;;;376;METER;
id-844;fam_18;;;;;;;;;;;;;;;;;;;;;;;;;;;;;;"Atque quo expedita debitis illum minima quibusdam atque animi.";;;337;175;;;;;;;;;;;1972-12-19;;;;;;;;;;;;;;;;;;;;;;;;;;;;;;;;;;;;;;;attr_opt_attr_563;;;;;;;;;;;;;;;;;;0;1;;;;;;;;;;;;;;;;;;;;;;;;;791
id-845;fam_42;;;;;;;;;;;;;;;;;;"Cum quia explicabo minus rerum rerum.";"Voluptatem id et dicta impedit.";;;;;;;;;;;;;;978;210;;;;attr_opt_attr_04;attr_opt_attr_03;;;;;;;;;;;;;;;;;;;;;;;;;;928;METER;;;;;;;;;;;;;;;;;;;;;;27;METER;;;;;;;;;;;;;;;;;;;;;;;1;1;;;"Sint reiciendis incidunt autem ab.";;;;;;"Porro voluptates ipsum deleniti possimus.";;;;;;
id-846;fam_24;;;;;;;;;;;;;;;;;;;;;;;;;;"Asperiores qui rerum et reiciendis nulla et sapiente maiores.";;;;;;;;;;;;;;;attr_opt_attr_253;;;;;;;;654;;;;;;192;211;;;;;;;604;26;;;1981-09-22;;;;;;;;;;;;;;"Animi et placeat repudiandae illo.";;;;;331;939;;;;;;;;;;;;;129;;;;;;;;;;;;;;;;;;;;;;;;;;;;
id-847;fam_4;;;;;;;;;;;;;;;;;;;;;;;;;;;;;;;;;;;;;;;;;attr_opt_attr_256;;;;1989-02-03;;;;;;;;;;;;;1995-01-23;2013-05-13;;;;;;;;;;;;;;;;"Ea earum reprehenderit ut dolore.";;;;;;;;;;;;;;;;;;"Vitae et at consequatur dolores fugit consequuntur.";;;;;;;;;1;1;;;;;;1993-03-16;;;;;;;;;;;;902;;;;;;;209
id-848;fam_31;;;"Commodi nemo illum distinctio facilis quibusdam labore fugiat.";attr_opt_attr_69;;;;;;;;;;;;;;;;;;;;;;;;;;"Perferendis distinctio sed molestiae dolore.";;;;;;;;;;;;;;;;;;;;;;;;;291;406;;;;;;;;;;;;;;;;;;1972-06-08;;;415;2012-06-27;1976-12-08;;;;;;;;;;;239;315;;"Iste tenetur qui quidem beatae minus error est.";;198;METER;;;;;;;;;;;;;;;;;;;;;;;;;;;;;;;;
id-849;fam_24;;;;;;;;;;;;attr_opt_attr_640;;;;;"Necessitatibus vero doloribus velit sint voluptatem et.";;;;;;;;;;;;;;;;;;;;;;;attr_opt_attr_340;;;;;;;;;;;;;;;112;935;;;;;;;;;;;;;;;;;;2013-04-08;;;;;;;;;;;;332;974;20;METER;593;596;;;;;;attr_opt_attr_217;;;;0;;;;;;;;;;;;;;;;;;;;;;;;;;;
id-850;fam_30;;;;;;;;;;;;;;;;;;;;;1973-06-08;;;;;;;;;"Incidunt a atque placeat sed.";;;;;;;;;;;attr_opt_attr_251;;;;;;;;;;;;;;;;;;;;;;;;;;1983-12-25;;;;;;;;;;;;;;"Quia est eum quisquam voluptatem voluptatibus culpa.";;;attr_opt_attr_567;;;;;;;;;;;;;attr_opt_attr_217;;;321;;;;;;;;;;;;;;;;;;;;;619;;"Id voluptatem quam est quis architecto nemo aut.";;1;;;
id-851;fam_17;;;;attr_opt_attr_60;;;;;;;;;;;;;;;;;;;;;;;;;;;;;;;;;;;;;;;;;2011-08-23;;;;;;;;;;;;1;;;;;;;;;;;;;;;attr_opt_attr_230;;;;;;;;;;;;attr_opt_attr_565;;;;;;;;;;158;;;;;;;1;;;;;;;;;;;;;;;"Laboriosam nobis fugiat eaque sed earum omnis et.";;;;;;;;;;;;
id-852;fam_41;;;;;;;;;245;METER;;attr_opt_attr_643;;;;;;;;;;;;;;;;;;"Non doloribus odit explicabo molestiae ab dolor.";;;179;598;;;;;;attr_opt_attr_345;;;;;;1;;;130;;;;;;;;;;;;;;;;;;;;;;;;;;;;;;;;;;;;;;;;;;;;;;;;;attr_opt_attr_591;attr_opt_attr_591;;;;;;;;;;;;;;;;;;;;;;;;;;;;;
id-853;fam_26;;;;;;;233;63;;;;;;;;;;;;;;;;;;;;;;;;;;;633;;;;;;;attr_opt_attr_969;;;;;;;;;;;;;;;;;;;;;;;;;;1972-07-21;;;;;;;;;;1981-05-28;1982-02-22;;;;;;;728;110;89;METER;626;128;;;;;;;;;;;;;;;;;;;;;;;175;METER;;;;;;;;;;;;;
id-854;fam_38;;;;;;;;;;;;;;;;;;;;;;;;;;;;;;;;;;;;;;;;;;attr_opt_attr_962;;;;;"Aliquam vel accusamus consequuntur culpa et.";;;;;;;;;;;;;;;;;;;;;;;attr_opt_attr_526;;;;;;;;;;;;;;;;;;832;METER;;;;;200;;;;;;;;;;;;;;;;;;;;;;;;0;320;METER;;;;;0;;;
id-855;fam_32;;;"Eligendi temporibus eaque perferendis praesentium iure maiores laudantium.";;;;;;;;;;;0;;;;;;;;;;;;;;;;;;;;;;;;;;attr_opt_attr_342;;;1975-12-04;;;0;;;;;;;;;;;;;;;;;;;;;2002-06-14;;"Provident blanditiis animi cumque reiciendis quibusdam.";;;;;;"Sapiente est quaerat beatae optio nemo.";1;;;;;;;;;;;;;;;;;;;;;;;;;;;;;;;;;;;;;;;;;;;;;;;;;;;;
id-856;fam_17;;;;attr_opt_attr_65;;;;;;;;;;;;0;;;;;;;;;;;;;;;;;;;;;;;;;;;;;;0;;;;;;;;;;;;;;;;;;;;;;;;;;;;2010-12-16;"Perferendis nesciunt voluptatem vel eligendi rerum fuga.";;;;;;;;400;;;;;;;;;;;;;;;;;;;;;;;;;;;;;;;219;METER;;;1;;;;;;;;;;
id-857;fam_45;;;;;;;;;;;;;;;;;"Maxime aut praesentium aut ut mollitia nihil dolorem.";;;;2014-07-08;;;;;;;;;"Et atque aliquid dolor saepe consequuntur quod.";;;;;;;;;;;;;;;2015-01-14;;"Fuga enim perferendis quod.";;;;947;921;;;;;;;;;;;;;;;;;;;;;;;;1;;;;;"Vel eos quisquam error soluta est.";;;;;;;;;;;;;;;;attr_opt_attr_215;;;;;;;;;;;;2015-12-09;;;;;;;;;;;;382;;;;;;;
id-858;fam_25;;;;;;;;;;;;;;;;;;;;;1984-07-16;;;;;;;;416;;;;;;;;;attr_opt_attr_04;attr_opt_attr_03;attr_opt_attr_340;;;;;;;"Ab et quam harum consequatur eaque.";;;;335;203;;;;;;;;;;;;;;;;;;;;;;;;;;2002-06-08;2007-07-27;;;;;;;;;;;;;;;;;;;;;;0;;;attr_opt_attr_158;;;;;;;;;;;;;;;;;;;;;;;;
id-859;fam_12;;;;;;;;;;;;;;;;;;;;743;;;;;;;;;;;;;528;323;;;;;;;;;;;;;;;;;;;;;;;1;1986-09-18;1995-09-19;;;;;;;;;;;;;;;;;;;;;;;;;;;;;;;;;;;;;;;;;;;;;;;;;;;;;;;540;METER;;;;;;;;;;;;;
id-860;fam_41;;;;;;;;;;;;;;;;;;;;75;;;"Voluptas harum nisi nesciunt soluta.";;;;;;;"Occaecati beatae officiis eum.";;;;;;;;;;;;;;;;;;;799;;;;;;;;1;;;;;;;;227;METER;;;;;;;;;;;;;;;;;;;;;;;;;;attr_opt_attr_495;"Consequuntur error in eaque nulla nihil vero.";;515;METER;;;;761;;;;;;;;;;;;;;;;;;;;;;;;;;;;
id-861;fam_15;;;"Dolorum necessitatibus dolor aut tempore veritatis pariatur optio totam.";;;;;;;;;;;;;;;;;;;;;;;;;;;"Quos sunt veritatis sed aut velit.";;;;;;;;;;;;;;;1992-03-13;;;;;attr_opt_attr_631;689;277;;;812;400;;;;;;;;;;;;;;;;;;;;;986;;;;;;674;;;206;578;;;;;;;;208;METER;;;;;;;;;;;;;;;;;;;;;;;;;;"Nemo excepturi ut unde magnam.";;;;;;
id-862;fam_21;;;;;;;;;;;;;;;;;;;;;;;;;;;;;;;;;;;;;;;;;;;2007-02-08;;;;;;;;;;;;;;;;;;;;;;;;1996-09-14;2010-10-09;"Quia debitis distinctio aut ut.";;;;;;;;;;;;;;;;;;;;;;;;;;337;METER;;;;;;;;;;;;;;;;;;;;;;;;;682;;;;;;;
id-863;fam_11;;;"Nisi cum quasi velit voluptas impedit accusantium eaque.";attr_opt_attr_68;;;640;341;;;;;;;;;;;;;;;;;;"Velit similique sapiente qui et harum esse dolores.";;;;;;;;;;;;attr_opt_attr_05;attr_opt_attr_00;;;attr_opt_attr_966;;;;;;;;;;;;;78;358;;;;;;;;;;;;;"Incidunt earum quia dolorem autem debitis et.";;;;;;;;;;;;"Rerum voluptates deserunt nihil exercitationem.";;;;;;;;;;;;;;;;attr_opt_attr_211;;;;;;;;;;;;;;;;;;;;;;;;435;;;;;;;
id-864;fam_0;;;;;;;;;;;;;;;;;;"Occaecati quisquam vel sit incidunt omnis occaecati aut.";"Voluptatem enim voluptatem iusto laborum omnis hic.";;1995-10-13;;;;;;;;;;;;;;;;;;;;;;;;1986-03-02;;;;;;;;;;;;;;;;;;;;;;2007-01-07;;;attr_opt_attr_528;;;;;;1;;;;;"Molestiae eum odit at laborum.";;;;;;;;;;;;;;;;;attr_opt_attr_595;attr_opt_attr_591;;;;;;;;;;;;;;;;;;;;;;;"Numquam molestiae quidem quis enim quo porro.";;;;;;
id-865;fam_22;;;;;;;;;;;;;;;1;;;;;;;;;;;;;;;;;;978;361;;;;;;;;;1985-10-12;;;;;;;;;;;;;;;;;;;;;;783;METER;;2010-08-21;;;;;;;;;;;;;;;324;;;400;817;;;;;;;;305;METER;;;;;;;;;;;;;;;;;;;;;;;;;;;"Illum qui facere ut tempore.";;;885;METER;
id-866;fam_7;;;;;;;;;;;;;;;;;;;;;;;;;;;;;;;;;;;;;;;;;;;;;;;"Ab distinctio eos vero quidem dolore.";;;attr_opt_attr_634;;;;;;;;;;;;;;;;;;;"Molestiae ut consequuntur eius autem ut.";;;;;;;;;2013-07-28;1995-08-06;;;;;;;;;;;;;;;;;;;;;;;;;attr_opt_attr_157;;;;;;;;;;;;;;;;;;;;;;;;
id-867;fam_4;;;"Qui dolores quia ratione harum voluptas.";;;;;;;;;;;;;;;;;;;;;;;;;;510;;;;641;994;;;;;;;;;;;;;;;;;;;;;;;;;;;;;742;62;;;;;"Voluptatum quia et eius explicabo omnis qui iusto.";;;;;;;;;;;;;;;;;;;;;;;;;995;;;;;;;;1;0;;;;;;1970-11-29;;;;;;;;;;;;;;;;;;;
id-868;fam_32;;;;;;;470;491;;;;;;;;;"Alias quibusdam esse nostrum esse similique consequuntur molestiae numquam.";;;;;;;;;;;;;;;;;;;;;attr_opt_attr_08;attr_opt_attr_07;;;;;;;0;;;;;;;;;;;;;;;;;;;;;;;;;;;;;;1;;;;;;;;attr_opt_attr_562;;;;;;;;;;;;;;;;;0;;;attr_opt_attr_152;;;;;;;;;;;;;;;;;;;;;;;;
id-869;fam_32;;;;;;;;;;;;;;;;;;"Quibusdam numquam sit voluptatem tempora debitis aut.";"Impedit earum earum culpa.";;;;;;;"Eos delectus est consectetur excepturi officia rerum hic.";;;;;;;99;975;;;;;;;;attr_opt_attr_962;;;;;;;;;595;850;;;;;;;;;;;;;454;METER;;;;;;;;;"Dolores veniam similique modi ut.";;;;;;;;;;;;;;;;;;;;;;;attr_opt_attr_592;attr_opt_attr_594;;;;;;700;118;;;;;;0;0;;;;;;;;;;;;;29;METER;
id-870;fam_39;;;;;;;;;;;;;;1;;;;;;;;;;;;"Consectetur aliquam quia perspiciatis ut reiciendis ipsa.";;;;;;;;;;;;;;;;;;;;;;;;attr_opt_attr_632;;;;;;;;2000-11-25;2002-05-14;;;;;;;;;;;;;;;2003-08-21;;0;;;;;;;;;;;;;;;;;;;294;METER;;;;;;;;attr_opt_attr_153;;;;;;;;;;644;METER;;;;936;METER;;;;;;;;
id-871;fam_25;;;;;;;931;804;;;;;;;;;;;;;;;;;;;;;;;;;;;;;;;;;;;;;;;"Consequatur at explicabo exercitationem libero nisi.";;;;527;610;;;;;;;;;;;152;190;;;;;;;;;;;;;;2008-01-06;1976-06-15;;;;;;;;;;;;;;;;;;;;;;0;;;;;;;;;;;;;;;;;1;;;;"Voluptas tempora aut et sunt.";;;;;;
id-872;fam_6;;;"Cumque nostrum quisquam soluta ab.";;;;;;;;;;;;;;;;;;;;;;;;;;2;;;;;;;;;;;;;;;;;;;;;;;;;;;;;;;;;;;;;;;;;;;;;;;;;;;;;;579;;;;;;;;;;;;;;;;;;;1;1;;;;;;;;;;;429;METER;;;1;;;;;;;;;;431
id-873;fam_27;;;;;;;;;;;;;;;;;;;;;;;;;;;;;;;;;;;;;;;;attr_opt_attr_346;;;;;;0;;;;;;;;;702;37;;;;;;;;;;;;;;;;;;;;;;;;;;;1000;;;400;771;;;;;;;;;;;;;;;;;;;;;;;;;;;;;;;;;;18;;;attr_opt_attr_913;;231;METER;
id-874;fam_16;;;;;;;;;455;METER;;;;1;;;;"Totam consequatur est magnam animi ipsam ut rerum nobis.";"Sequi provident molestias quas magnam molestiae quaerat ut.";;;;"Sit perferendis hic expedita officia.";;;;;;398;;;;382;141;;;;;;;attr_opt_attr_251;;;;1999-02-04;;;;;;;;;;;;;;;;;;402;476;;;;;;;;;;;;;;;;;;;;;;;;;;;;;"Explicabo voluptatem repudiandae deleniti enim.";;;;;;;596;;;;;;;539;419;;;;;;;;;;;;;;;;attr_opt_attr_917;;;;
id-875;fam_15;;;;;;;;;;;;;;;;;;;;;1979-08-17;;;;;;;;;"Sit magni quia quia deserunt enim.";;;;;;;;;;;;;;;2013-04-16;;;;;;;;;;;;;;;;;;820;642;;;;;;;;;;;;;;;;;;;;;;;;388;METER;;;;;;880;METER;;;;;;;;;;;;;2004-12-19;;;;;;;;;;;;136;;;;;;;
id-876;fam_48;;;;;;;;;;;;attr_opt_attr_647;;;;;;;;;;;;;;"Optio et alias doloremque est.";;;943;;;;;;;;;;;;;;;;;1;"Dolorem fugit consectetur qui molestiae nesciunt necessitatibus maiores.";"Voluptatem expedita quia praesentium quia.";;;;;;;;;0;;;;;;;;;;;;;;;;;;;;;1981-05-14;1988-09-28;;;;;;;928;23;589;METER;;;;;;43;METER;;;;;;;;;;;;;;;;;;;;;;;;;;;;;;;;
id-877;fam_16;;;;;;;;;;;;;;;;;"Quidem in et veritatis neque recusandae quia.";;;914;1972-02-22;;;;;;;;;;;;;;;;;;;;attr_opt_attr_258;;;;;;;;;;;;;;;;;;;;;;;;;;;;;;;;;;;;;;;;;;;;;;;;;;;;;;819;METER;attr_opt_attr_218;attr_opt_attr_598;attr_opt_attr_591;370;;;;;;;;;;;;;;;;;;;;;;;;;;;;
id-878;fam_12;;;;;;;;;;;;;;;;;;;;;;;;;;;;;;;;;994;647;657;;;;;;;;;;;;;;;;355;596;;;200;965;;;;;;;;;;;;;;;;;;;;;;1974-08-11;1978-05-17;;;;;;;;;;;;;;;769;;;;;;;;0;1;;;;;;;;;;;904;METER;;;;;;;;"Qui eligendi facilis et fuga quasi unde sunt.";;;;;
id-879;fam_46;;;;;;;;;;;;;;;;;"Explicabo quia hic est eum consectetur fugit ipsa.";;;;;;;;;"Alias architecto repudiandae qui similique.";;;;;;;;;;;;;;;attr_opt_attr_259;;;;;;"Ut eum aut placeat necessitatibus sed doloremque quidem.";;;;;;;;;;;;;;;"Labore voluptatum ratione voluptatem rerum modi quidem deserunt quam.";;;;;2002-03-29;;;;;;;;;;;;;;;;;;;;;;;;;;;;;;attr_opt_attr_213;;;;;;;;;;;;;;;;;;;;;;266;METER;;;;;;;;
id-880;fam_10;;;;;;;;;;;;;;;0;;;;;;;;;;;;;;;;;;;;;;;;;;;;1973-03-30;;;1;;;;;;;;;;;;;;;;;;;;;;;;;;;;;;;;;;;;;;;;;;;;;;;;527;;;;;;;;;;;;;;;;;;;;;;;;;;;;;"Eveniet quod animi quidem numquam.";attr_opt_attr_913;;;;
id-881;fam_5;;;;;;;;;456;METER;;;;;;;;;;;;;;;;;;;;;;;;;;;;;;;attr_opt_attr_250;;;;;;;;;;;;;;;;;;;;;"Dolores autem officia et minima.";;;;;;2014-06-28;;;;attr_opt_attr_234;;;;;;;;;;;;;;;;;;;;;;;;;;attr_opt_attr_592;attr_opt_attr_599;;;;;;10;871;;;;;;;;193;METER;;;;;;;;;;;;;
id-882;fam_23;;;;;;;;;;;;attr_opt_attr_643;;;;;;;;;;;;;;;;;;;;;;;;;;attr_opt_attr_02;attr_opt_attr_01;attr_opt_attr_347;;attr_opt_attr_964;;;1977-08-06;0;;;;;;;;;;;;;;;;;;;;;;;;;;;;;"Voluptatem qui eum eos est aut ea sit aut.";;;;;2001-07-07;;;;;;;;;;;;;;;;;;;;;;;;;;;;;;;;;;;;;;;;;;;;;;;;
id-883;fam_27;;;;;;;;;;;;;;;;;;;;;;;;;;;;;;"Perspiciatis sit nisi enim.";;;;;;;;;;;;attr_opt_attr_965;;;;;;;825;;;;;;;;;;;;;;;;;;;;"Et aperiam fugiat odio consequatur qui dolorum pariatur.";;;;;;;;;1984-07-27;2014-09-07;;;;;attr_opt_attr_567;;361;275;;;;;;;;;;;;;;;;;;;;;;;;;;;;;"Ea soluta tempora voluptatibus pariatur omnis.";;;;;;;;;;165;METER;
id-884;fam_8;;;;;;;725;380;;;;;;;;;;;;;;;;;;;;;;;920;METER;;;;;;;;;;;;;;;;;;;;;;;;;1;;;;;;;;;;;;;;;;;;;;;1980-05-14;1989-02-06;1997-03-23;;;;;;;;;;;;;;;;;;;;;;;;;;;;;;;;;;;;"Ut quia et in mollitia.";;1;;;;;;;;;;
id-885;fam_48;;;"Debitis nulla tempore dolorem blanditiis delectus qui et corporis.";;;;;;;;;;;;;;;;;;;;;;;;;;58;;;;;;;;;;;;;;;;;;;;;;;;;;;;;;;;;;;;;;;;;;;;;;;0;;;;;;;;;;286;104;;;;;;;;;;;;;;1;;;;;;;;;;;;;;;;;;;;;;;;;;;
id-886;fam_19;;;;;;;;;;;;;;;;;;;;;;;;;;;;;;;;;102;268;;;;;;;;attr_opt_attr_960;;;;1;;;;;303;776;;;;;;;;63;METER;;;;;;;;;;;;;;;1;;;;;"Repudiandae vero voluptas laudantium.";;;;;;;;;;;;;;;;;;;;;;;;;;62;54;;;;;;;;;;;224;METER;;;;attr_opt_attr_911;;;;
id-887;fam_16;;;;;;;566;174;;;;;;;;0;;;;;;;;;;;;;104;;;;;;;;;attr_opt_attr_04;attr_opt_attr_07;;;;;;;;;;;;;;;;;;;;;;;;;;;;;;;;;;;;;;;1985-12-19;1996-12-27;;"Corrupti atque eos accusantium id eum est sapiente aut.";;;;;;;;;;;;;;491;METER;;attr_opt_attr_594;attr_opt_attr_594;;;;;;;;;;;;;;;;;;;;;;;;;;;;;
id-888;fam_44;;;"Nam minus eveniet id est.";;;;;;;;;;;;1;;;;;;;;;;;;;;;;;;;;;;;;;attr_opt_attr_342;;;;;;;;;652;attr_opt_attr_636;;;;;;;;1986-05-02;2003-08-17;;;;;;;;;;;;;;;;;;;;;;;;;;;;;;;;;;;;;;;;;783;;0;1;;;;430;473;;;;;;;;;;;;;;;;;;;;
id-889;fam_40;;;;;;;;;;;;;;;;;;;;;2004-06-26;;;;;;;;;;467;METER;;;;;;;;;;;1974-07-12;;;;;;;;;;;;;;;;;;;;;;;;;;;;;;;;;;;;;1988-07-27;;;;attr_opt_attr_560;;;;;;;;;;;;;;;;;;;;;614;999;;;;;;;;;;;;;;;;;;;;451;METER;923
id-890;fam_40;;;;;;;;;;;;;;;;;;;;;;;"Vel eos voluptas a dolores molestias.";;;;;;;;;;;;;;;;;;;;;;;;;;;;;;;;996;642;;;;491;METER;;;;;;;;;attr_opt_attr_527;;;;;;;386;;;;;;;attr_opt_attr_560;;;;;;;;;;;;;;;;;;;;;172;481;;;1987-08-13;;;;;61;METER;;;;;;;;;;;553;METER;
id-891;fam_11;;;;;;;;;747;METER;;;;;;;;;;;;;;;;;;;878;;;;;;;;;;;;;;;;;;;;;;;;;;611;575;;;;;;;;;;;;;;;;;;;;;;;;;"Omnis in aut praesentium vel.";;;;;;;;;90;755;;"Enim nemo mollitia quis iste necessitatibus officia.";;;;attr_opt_attr_216;;;;;;;;636;526;;;;;;;;;;;;;;;;;;attr_opt_attr_912;;;;877
id-892;fam_19;;;"Repudiandae cumque temporibus nobis perspiciatis consequatur sunt est.";;;;;;;;;;;;;0;;;;;;;;;;;;;;;803;METER;;;;;;;;;;;;;;;;;611;;;;;;;;;;;;;;234;376;;;;;;;;;;;;;;;;1997-12-24;;;;;;;;;;;;;"Nisi velit eius voluptas.";;;;;;;;;;;;;;;;;;;;;;;;;;;;708;;;attr_opt_attr_918;;;;
id-893;fam_30;;;;;;;;;;;;;;;;;;;;;;;;;;;;;;;;;;;;;;attr_opt_attr_03;attr_opt_attr_04;;;attr_opt_attr_961;;;1974-06-07;;"Ipsum atque voluptatem veniam a.";;;attr_opt_attr_638;;;;;;;;;;;;"Natus sunt consequatur quis.";;;;;;;;;;;;;;1;;;;;;;;;;;;;;;;;;;;;attr_opt_attr_219;attr_opt_attr_595;attr_opt_attr_598;;;;;;;;;;;;;;;;;;;;;;;;;;;;;
id-894;fam_45;;;"Dolorum ut et aut asperiores necessitatibus est recusandae voluptatem.";;;;;;725;METER;;;;;;;;;;;;;;;;;;;;;;;;;;;;;;;;;;;;0;;;;;;;;;;;;;;;;;;;;;;;;;;;;;;;;;;;;;;;;252;769;;;;;;;;;;;;;;;0;0;;;;;;;;;;;;;"Sunt in mollitia dolorum at ullam est.";;;;;;;;;;;;
id-895;fam_30;;;"Est est minus voluptatem quod.";;;;;;;;;attr_opt_attr_643;;;;;;;;;;;;;;;;;;"Amet ut quos dicta aspernatur voluptates.";;;;;;;;;;attr_opt_attr_344;;;;;1985-10-27;;"Praesentium sit cumque et possimus corrupti.";;;;;;;;;;;;;;;;;;;;;2013-08-27;;;;;;;;;;;;;;;;attr_opt_attr_568;;;;;;;;attr_opt_attr_497;;;;;;;;;;;;;;;;;;;;1;0;;;;;;;;;;;;;;;637
id-896;fam_28;;;;;;;;;;;;attr_opt_attr_646;;;;;;;;;;;;;;;;;;;;;;;402;;;;;;;;;;;;;;;;774;17;;;;;;;;;;"Similique ea ab et qui.";216;303;;;;1996-06-19;;;;;;;;;;;;;;;;attr_opt_attr_568;;133;585;;;;;;;;;;;;;;;0;0;;;;;;;;;;;;;;;;698;METER;;;;;;;;
id-897;fam_19;;;;;;;;;;;;;;;;;;;;;;;;;;;;;;;;;;;;;;;;;;;;;;;"Doloremque excepturi quia perspiciatis sapiente alias natus.";"Debitis minima alias nisi dolor molestiae id.";348;;;;;;;;;;;;;;;;;;;2003-01-01;;attr_opt_attr_521;;;;;;0;;;;2013-10-09;;;;;;;;;;;;;;;;;;;;;;;;;;;;;;;;;;;;;;;310;METER;;;;attr_opt_attr_919;;;;
id-898;fam_49;;;;;1;;;;;;;;;;;;;"Est quae placeat dolor et est nostrum nisi.";"Harum officiis voluptas aliquam repellendus harum.";;;;;;;;;;;;961;METER;;;;;;;;;;;;;2003-12-27;;;;;;;;;;;;;;;;;;;;;;;;;;;;;;;;;;;;;;;;;;;;;;;;"Vel voluptatem natus natus possimus aliquam possimus possimus.";;;;;;;;;;;;;;;;;;;1;1;;;;;;;;;"Voluptas voluptas sint enim voluptate repellat labore eos aut.";;;;;;
id-899;fam_32;;;;;;;;;;;;attr_opt_attr_645;;;;;;;;;;;;;;;;;;;;;;;;;;;;;;;2001-07-26;;;;;;;;;;;;;;;;;;;"Eius et nemo sint cumque placeat quos.";;;;;;;;attr_opt_attr_522;;;;;"Maiores deleniti aspernatur cupiditate eum.";;;;;;;;;;;;;41;METER;546;226;;"Dolorem inventore nisi occaecati vero sed.";;;;;;;;;0;1;;448;421;;;;;;0;0;;;;;1;;;;;;;;;;
id-900;fam_37;;;"Asperiores distinctio id ut fuga maiores.";;;;;;;;;;;;;;;"Dolorum laborum soluta quae.";"Enim nemo et quas quo maxime amet quibusdam autem.";;;;;;;;;;;;;;;;;;;attr_opt_attr_06;attr_opt_attr_05;;;attr_opt_attr_962;;;;1;;;951;;;;;;;;;;;;;;;;;;;;;;;;;;;;;;;;;;;;;;;;;;;;"Sit id cum consequuntur quisquam debitis eaque voluptas.";;;;;;;;;;;;625;538;;;;;;;;;;;;;;;;;;;;;;
id-901;fam_44;;;;attr_opt_attr_65;;;;;;;;;;0;;;"Necessitatibus rerum ducimus itaque excepturi neque.";;;;;;;;;;;;;;;;;;;;;;;;;;;;;;;;;attr_opt_attr_639;;;;;;;;;;;;;;;;;1991-05-29;;;;;;;;;;;;;;;;;;;;;;;;;;;;;;;attr_opt_attr_597;attr_opt_attr_596;;;;;;;;;;;;;;;;;"Aliquid corporis voluptas qui qui.";;;;;;;;;;;;
id-902;fam_28;;;"Sunt animi inventore dolores dolor aut.";;;;;;;;;;;;;;;;;;;;;;;;;;619;;832;METER;;;228;;;;;;;;;;;;;;;;;;;;;;;;;;;;;;;;;1977-04-14;;;;;;;;;;;;;;;;attr_opt_attr_560;;;;;;;;;;;;;;;;;;;;;;;;;;;;;;;;;;;;;;;;;;;;
id-903;fam_33;;;;;;;;;;;;;;;;;;;;;;;;;;;;;;;452;METER;;;;;;;;;;;;;;;;;;;;;;;;;;;;;;;;;;;1973-05-05;;;;;;;;;0;;1997-07-10;1987-10-07;1983-09-03;;;;;;;;;;;;;;;;;;;;530;;;;;;;;;;;;;;;;;;;;;;;;;;;;
id-904;fam_9;;;;;;;;;;;;;;;;1;;;;;;;;;;"Sit tenetur libero quia in exercitationem.";;;;;;;;;;;;attr_opt_attr_01;attr_opt_attr_03;;;;;;;;;;;;;;;;;;;;;;;;;;;;;;;attr_opt_attr_528;;;;;"Quaerat vitae officia quis.";;;;;;;;;;;;;;;;;;;;;;attr_opt_attr_210;;;;;;;;660;939;;;;;;;;627;METER;;;;;;;;;attr_opt_attr_914;;;;
id-905;fam_7;;;;attr_opt_attr_65;;;;;;;;;;;0;;;;;;;;;;;;;;;"Quia veniam sint perferendis modi repellat omnis nihil neque.";480;METER;;;;;;;;;;;1984-01-23;;;;;;;attr_opt_attr_631;;;;;;;;;;;;;;;;;;;;;;;;;;;;;;;;;;;;;;;;;;;;;;;;;;;;;;attr_opt_attr_152;;;;;;;;;;;;;;;;;;;;;1;;;
id-906;fam_38;;;;;;;;;;;;attr_opt_attr_640;;;;;;;;424;;;;;;;;;135;;;;;;;;;;;;;attr_opt_attr_965;;;1981-06-10;;;;54;;;;;;;;;;;;;;;;;;;;;;;;;;;1;;;;;"Neque id vel quasi hic incidunt esse.";;;;;;;;;;;;;;;;;;;;;;;;;;;;;;;;;;;"In et ut inventore animi dolorem animi.";;;;;;;;;0;;;
id-907;fam_5;;;"Nemo ut tenetur enim eius et laboriosam facere.";;1;;957;620;;;;;;;;;;;;;;;;;;;;;;;;;;;;;;;;;;;;;;;;;;;757;698;;;;;;;;;;;;;;;;;;;;attr_opt_attr_239;;;;;693;;;1999-06-28;;;;;;;;;;;;attr_opt_attr_496;;;;;;;;;;;;;;;;;;;;;;718;METER;;;;;;;;;;;;;
id-908;fam_47;;;;;;;;;105;METER;;;;0;;0;;;;;1972-01-21;;"Provident qui explicabo quia similique tempora.";;;;;;;;;;;;;;;;;;;;;;;1;;;;;;;;;;;;;;;;;;;56;METER;1979-09-21;;;;;;;;;;;;;;;;;;;;;;;;;;;;981;METER;;;;;;;;;;;;;1972-08-12;;;;;;;;;;;;;;;;;;;512
id-909;fam_37;;;;;;;;;;;;;;;;1;;;;699;;;;;;"Et consectetur doloribus voluptatum facilis consequuntur.";;;;"Nobis aut ut fugiat aperiam aut.";;;;;;;;;;;;;;;;;;"Unde ex recusandae temporibus et beatae nobis ut reprehenderit.";694;;;;;;;;;;;;;;;;;;;;;;;;;;;;;;;;;;;;;;;;;;;;;;;;;;;;;;;;219;826;;;;;;;;;;;;;;;;;;;;;;
id-910;fam_36;;;"Necessitatibus nulla reiciendis consequatur et similique distinctio.";;;;924;675;;;;;;;;;"Ut voluptate distinctio sed delectus pariatur ad blanditiis ut.";;;;1985-09-08;;;;;;;;;;;;;;;;;;;;attr_opt_attr_255;;;;2008-09-12;;;"Voluptas aut occaecati itaque nemo illo aut voluptas in.";;;;;;;;;;;;;;;;;;;;;;;;;;;;;;;;;;;;;;;;;;;;;;;;;;;;;;;;;;;;;;;;;;;;"Nobis nesciunt eos dolores rerum aliquam.";;;;;;;;attr_opt_attr_911;;;;
id-911;fam_41;;;;;;;;;;;;;;;;;;;;;1988-02-14;;;;;;;;;"Veniam dolores aliquid expedita dolorum.";;;;;;;;;;;;attr_opt_attr_967;;;;1;;;;;;;;;632;856;;1980-09-21;2009-09-20;;;;;;;;;;;;;;;;;;;;;;"Omnis quia nihil eum impedit expedita.";;;;;;;;;;;attr_opt_attr_497;;;;;;;;;;;;;;;;;;;;;;;;;;;;;;;;attr_opt_attr_913;;190;METER;
id-912;fam_26;;;;;0;;;;;;;;;;;0;;;;;;;;;;;;;783;;;;;;;;;;;;;;;;;;;;;attr_opt_attr_639;;;;;;;;;;;;;;;;;;;"Vel hic quis nisi cupiditate consectetur facere officia.";;;;;;;;;1997-06-18;2009-02-16;;;;362;;;;;;;;;;;545;;;;;;;;;;;;;296;643;;;;;;;;;;;;;;;;;;;;
id-913;fam_19;;;;;;;;;;;;;;;;;;;;;;;;;;;;;;;;;;;859;;;;;;;attr_opt_attr_967;;;;;;"Iusto qui culpa ut id sunt accusantium.";;;;;;;;;;;;;;;;;;;;1991-09-03;;attr_opt_attr_523;;;;;;0;;;;;;;;;;;;;;;;;;;;;;;;;;;;;;;;;;;;;;;;;;;;;;"Sunt deserunt perspiciatis ipsa incidunt cupiditate consequatur sed.";;attr_opt_attr_913;;;;
id-914;fam_33;;;;;;;;;;;;;;;;;;;;;;;;;;;;;;;;;;;;;;;;;;;2002-04-12;;1986-06-09;;;;;;;;;;;;;;;110;METER;;;;;;;;;;;;;;;0;;;;;"Et voluptatem voluptatem dolores sunt unde modi.";;;;;;;;;;;;;699;;;attr_opt_attr_211;;;;;;;;;;;;;;;;;;;;;;;;;;;;;;;
id-915;fam_28;;;;;;;;;;;;;;;;0;;;;932;1989-02-28;;;;;;;;;"Provident aut deleniti animi enim nihil tempore.";;;;;358;;;;;;;;;;;1;;;;;;;;;;;;;;;;;;;;;;;;;;;;;;;;;;;;;975;;;;;;;274;247;;;765;;;attr_opt_attr_216;;;;;;;;;;;;;;;;;;;;;;;;;;;;;;;
id-916;fam_13;;;"Sit sint illum et.";;;;;;;;;;;;;;"Cum voluptas maxime nemo ut voluptatem.";;;;;;;;;;;;;;;;;;;;;;;;;attr_opt_attr_967;1979-07-05;;;;;;;;;;;;;;;;;;;;;;;;1994-11-16;;;;;;;;"Natus voluptatem sunt dolorem ut facilis.";;429;;;;;;;;;;;;;;;;;;824;METER;;;;;;;;;;;;;;;;;;;;"Aspernatur ullam eligendi nemo iusto aspernatur.";;;;;;;;;;;;
id-917;fam_17;;;;;;;;;;;;attr_opt_attr_646;;;;;;;;;;;;;;;;;52;;;;;;;;;;;;;;2007-08-25;;;0;;;587;;;;;;;;;;;;;;;;927;METER;;;;;;;;;"Adipisci molestiae et itaque maxime ex est est.";;;;;;;;;;;;;;;;;;;;;;;;;;;;;;;;;;;;;;;;;;;;;;;;;;;;;63
id-918;fam_15;;;;;;;;;;;;;;;;;;;;;;;;;;;;;337;;;;443;270;;;;;;;;;1992-07-27;;;;;;;;;;;;;;;;;;;;227;589;;;;1986-05-11;;;;;;;;;;;;;;;;;;670;822;;;;;;"Esse est occaecati voluptates illo sequi enim.";;;;attr_opt_attr_216;;;;;;;;;;;;1977-11-06;;;;;;;;;;;;;;;;;;;
id-919;fam_43;;;;;0;;;;298;METER;;;;;;0;;;;;;;;;;;;;;;;;;;;;;;;;;;;;;;;;;;;;;;;;1;;;;;;;;;;;;;;;;;;;;;;;;;;;;;;;;;;;;;;440;METER;;attr_opt_attr_597;attr_opt_attr_593;765;;;;;;;;;1992-05-25;;;;;;;;;;;;;;;;0;;;
id-920;fam_14;;;"Mollitia nostrum nihil qui libero est eum.";;;;;;;;;;;;;;;;;;;;;;;;;;;;;;;;;;;;;;;;;;;1;;"Sed fugit vel minima voluptatem.";;;;;;;;;;;;;;;;;;;;;;;;;;;"Mollitia quas quis consequatur iste.";0;;1983-01-24;2008-01-08;;;;;;;;;;;;;attr_opt_attr_492;;;;;;;;;;;;;;;;;;;;;;;;"Itaque fugit soluta et qui.";;;;;;;;;;;;472
id-921;fam_6;;;;;;;;;;;;;;;0;;;;;;;;;;;;;;;;;;;;;;;;;;attr_opt_attr_250;;;;;;;;;;;;;;;;;1997-03-21;1987-06-21;;;;;;552;METER;;;;;;;;;"Nisi error ea voluptatum dicta ab doloremque recusandae.";;;;;;;;772;;;;;;;;;;;;;;;;;;;0;0;;;;;;;;;1;0;;;;;;;;184;;;;;;;
id-922;fam_39;;;;;;;210;988;;;;;;;1;;;;;;;;;;;;;;121;;;;;;;;;;;;;;;;;;;"Voluptatem est corrupti velit tempore omnis reiciendis ipsam magni.";;attr_opt_attr_638;;;;;;;1;;;;;;;;;;;;;;;;;2005-11-15;;;;;;;;;;;;;;;;86;686;;;;;;;;;;;;;;;;;;;;;;;;;;;;;;;;;;;;;209
id-923;fam_5;;;"Dolorem et necessitatibus voluptas unde labore est.";;;;;;;;;;;0;;;;;;;;;;;;;;;;;;;;;;;;;;;;;;;;;"Nihil rem aut et autem.";;;;;;;;;;;;;;;;;;;;1986-05-23;;;;;;;;;;;;;1971-03-29;;;;;;;;;;;;;;;;;;;;;0;;;;;;;;;;;;;;;;;;;;;;;;;;;
id-924;fam_47;;;;;;;;;;;;;;;;;;;;;;;;;;;;;;;;;;;;;;;;;;;;;1988-04-25;;;;546;attr_opt_attr_636;;;;;;;;;;;;"Dignissimos voluptatibus minima aut.";;;;;;2002-04-19;;;;;;;;;;;;1990-03-10;;;;;;;;;;;;;;;;;;;;;;;;;;;;;1982-08-17;;;;;;;;;;;;;;;;;;;
id-925;fam_22;;;"Quasi nulla et nulla est est.";;;;;;930;METER;;attr_opt_attr_645;;;;;;;;;;;;;;;;;;;;;;;;;;attr_opt_attr_04;attr_opt_attr_00;;;;1974-02-07;;;;;"Qui sequi voluptas ex asperiores dolores iusto esse.";;;;;;;;;;;;;;;;;;;;;;;;;;;"Omnis non est sint libero veritatis.";;;;;;;;;;;;;;;;;;;944;;;;;;;;;;;;;;;;;;;;;;;;;;;;;;;;334;METER;
id-926;fam_1;;;"Eius qui voluptate deleniti totam doloribus occaecati numquam.";;;;;;498;METER;;attr_opt_attr_647;;;;;;"Est necessitatibus culpa dicta aliquam deserunt recusandae repellendus.";"Facere veniam sit iste repudiandae hic est ut.";;;;;;;"Natus illo velit ut necessitatibus.";;;;;;;;;;;;;;;;;;;;;;;;;375;83;;;;;;;;;;;;;;;;;;;;;;;;0;717;;;;;;;;;;;;;;;;"Omnis molestias adipisci pariatur cum maiores aperiam voluptatem reprehenderit.";501;;;;;;;;;;;608;808;;;;;;;;;;;;;977;METER;;;;;;;;
id-927;fam_8;;;"Et vitae autem ea velit non officia distinctio.";;0;;266;825;;;;;;;0;0;;;;;;;;;;;;;;;791;METER;;;;;;;;;;;1975-10-10;;;;;;;;;;;;;;;;;;;;;;;;;;;;;;;2009-07-27;;;;1989-10-18;1992-08-18;;;;;;;;;;;;;;;;;;;;;;;;;;;;;;;;;;;;;;;;;;;;;;;;;
id-928;fam_4;;;;;1;;;;;;;;;;;;;;;;;;;;;;;;670;;;;;;;;;;;;;;;;;;;;;attr_opt_attr_630;;;;;;;;;;;;;;;;;;2002-09-14;"Cupiditate enim numquam totam.";;;;;;"Nobis commodi corporis sint dolorem magnam.";;498;;;;;;;;;;;;;;;;;;;;;;;;;1;0;;;;;;;;;;;;;;;;;;;;;;;;;744
id-929;fam_28;;;;;;;;;;;;;;;1;;;;;;1979-08-19;;;;;;;;;;;;;;;;;;;;;;;;;;;;;;;;;;;;;;;574;METER;;;;;;;;;;;;;;;;451;;;;;;;attr_opt_attr_565;;112;806;;;;;;;987;;;attr_opt_attr_211;;;;;1;1;;;;;;;;;;;;;;;;;;;"Aliquam assumenda rerum recusandae mollitia voluptatum.";;;;;;
id-930;fam_24;;;"Sapiente voluptatem ad maxime provident.";;;;;;;;;;;0;;;;;;;;;;;;;;;;;877;METER;;;;;;;;;;;;;;;;;19;;;;;;;;;;;;;;;;;;;;;;;;;1993-04-06;"Sed quaerat omnis ipsam nulla.";;;;;;;;;;;159;348;;;509;583;;;;;;;;;;;;;attr_opt_attr_152;;;;;;;;;;;;;;;;;;;;attr_opt_attr_912;;;;28
id-931;fam_38;;;"Autem voluptatem eum animi omnis nihil repellat quisquam.";;;;;;;;;;;;;;;;;268;;;;;;;;;;;;;16;372;;;;;;;;;;;;;"Cum maiores laboriosam perferendis laudantium non.";;;;;;;;;;;;;;;;;;402;METER;;;;;;;;;;;;;;;;;;;;;;;;;;;"Aliquid sapiente saepe debitis doloremque laborum ut ratione velit.";;;;;;;;;;;;;;;;;;;;;;;;;1;;;849;;;;;;;
id-932;fam_12;;;;;;;;;488;METER;;attr_opt_attr_641;;;;;;;;;;;;;;;;;;;;;;;;;;;;;;;;;;;;;;;554;101;;;;;;;;;;;;;;;;1987-05-18;;;;;;;;;744;;;;;;;;;;;;;533;174;;"Eum est earum harum accusantium nostrum.";664;;;;;;;;;;;;;;;;;;;;;;;;;;;;;;;;;;
id-933;fam_26;;;;;;;;;;;;;;;;;;;;304;;;;;;;;;544;"Veritatis quia nihil illo adipisci qui reprehenderit.";;;;;173;;;;;;;;;;1992-02-25;;;;;;;;;;486;351;;;;;;;;;;;;;;;;;;;;;;;;;;;287;;;;;191;METER;;;attr_opt_attr_498;;;;;;;;869;;;;;;;;;;;;;;;;;;;;;;;;;;;;
id-934;fam_16;;;;;;;;;;;;;;;;;;"Quas non cum temporibus eius.";"Temporibus maxime reiciendis at voluptatem.";;;;;;;;;;;"Rerum rem aut aut consectetur repudiandae.";;;;;;;;;;;attr_opt_attr_254;;;;2001-01-29;;;;;;;;;;;;;;;;;;;;;;;1979-06-20;"Voluptatibus voluptatem velit eaque voluptatem et.";;;attr_opt_attr_236;;;;;;;;;;;;;;;;;;;;;;;;;;;;;;;;;;;;;;;;;;;;;;;;;;;;;;;;
id-935;fam_14;;;;;;;;;;;;;;;;;;;;;;;;;;;;;;;;;;;;;;attr_opt_attr_07;attr_opt_attr_00;;;;;;;;;;;;;;;;919;71;;;;;;"Est odit odit aut voluptate eius sit mollitia corporis.";;;;;;;;;;;;1989-07-02;;0;;1995-12-01;1997-04-30;;;;;;;372;423;;;;;;;;;;;attr_opt_attr_596;attr_opt_attr_597;;;0;1;;;;;;2011-07-30;;;;;;;;;;;;;"Consequuntur omnis quos voluptas modi sed hic blanditiis officia.";;;;746;METER;
id-936;fam_9;;;;;;;;;;;;;;;;;;;;;;;;;;;;;;;613;METER;;;;;;;;;;;;;;;;;;;;;;;;;0;1984-04-07;2004-07-27;;;;;;821;METER;;;;;;;;2001-08-25;;;;;;;;;;;;;;;;;;;;;;;attr_opt_attr_218;;;;1;;;;;;;;;;;;;;;;;;;;;;;;1;;;201
id-937;fam_46;;;;;;;;;561;METER;;;;;;;"Culpa qui omnis totam aut voluptas repellendus optio.";;;;;;;;;;;;;"Vero iure et quod quo officiis voluptas.";;;;;;;;;;;;;;;;0;;;;;863;869;;;;;;;;;;;460;458;;;;1982-11-25;;;;;;;;;;;;;;;;;;;;;;;;;;;;;;;;;;;;attr_opt_attr_158;;;;;;;;;;;;;;;321;METER;;;;;0;;;906
id-938;fam_39;;;"In ab et qui nostrum in ex aut.";;;;;;;;;;;;;;;;;;;;;;;;;;773;;;;;;534;;;;;;;;;;;;;;;;793;270;;;;;0;;;;;;;;;;;;;attr_opt_attr_525;;;;;;;;;;;;;;;;;;;;;;;;;;;;;;;;;;;;;;;;;;;;;;;;0;;;;;"Consectetur reiciendis facere iure animi quo doloremque.";;;;;
id-939;fam_35;;;;;;;;;;;;;;;;;;"Delectus veritatis impedit rerum porro cumque iusto iusto id.";"Animi vitae inventore molestias et.";;;;;;;;;;;;;;;;;;;;;;;attr_opt_attr_960;;;;;;;;;;;;;;;;;;;;;;;;;;;"Omnis et totam qui.";;;;;;;;390;;;1993-10-23;;;;;;;;;;;;;"Voluptatem modi est harum nulla odio expedita.";;840;METER;;;;;;;;;;;;;;;;;;;;;;;;;;;;;1;;;746
id-940;fam_0;;;;;;;;;10;METER;;;;;;;;;;;;;;;;;;;;"Voluptatum autem nisi consequatur laboriosam ea quos et.";;;;;;;;;;attr_opt_attr_349;;;;;;;;;;;;;;;;;;;;;;;;;;;1984-11-28;;;;;;;;;0;;;;;;;;;;;;;;;;;;;;;;;;;;;;;;;;;;;;;;;;;;;;;;;;;;;;
id-941;fam_43;;;"Non laborum quo sit culpa et vel.";;1;;;;550;METER;;;;;;;;;;;;;;;;;;;;;;;;;;;;attr_opt_attr_05;attr_opt_attr_00;;;;;;;;;;;;;;;;;;0;;;;;;;;;;;;;;;attr_opt_attr_233;;;;;;;;;;;467;attr_opt_attr_563;;;;622;METER;;;;;;41;METER;;;;434;1;;;;;;;;1979-06-04;;;;;;;;;;;;;;;;;;;
id-942;fam_2;;;"Et dolore sint nulla laudantium.";;;;;;;;;;;;;;"Omnis et dolores dolores eum sed.";;;504;;;;;;;;;;;;;;;;;;;;;;;;;;;;;;attr_opt_attr_631;;;;;;;;;;738;METER;;;;;;;;;;;;;;;;;;;1981-07-25;;;;;;;;320;METER;;;;"Debitis quam sunt libero et voluptatum qui ea.";;;;;;;;;;;;;;;;;;;;;;;;;;;;;;"Libero est iste nostrum optio veniam.";;;;;
id-943;fam_17;;;;;;;;;;;;;;;;;;;;;;;;;;;;;;;;;;;;;;;;attr_opt_attr_342;;;2002-11-12;;1989-11-16;;;;;;;;;;;;;;;;;;;;41;METER;;;;;;;;;;;388;;;;"Accusamus et impedit omnis laborum dolor.";;;;;;;;;;;;;;;;;attr_opt_attr_591;attr_opt_attr_598;;1;;;;;;;;;;;;;879;METER;;;;;;;;;;;;;
id-944;fam_41;;;;;;;;;;;;attr_opt_attr_647;;;;;;;;;;;;;;;;;;;;;;;;;;;;;;attr_opt_attr_966;;;;;;;;attr_opt_attr_637;;;;;279;699;;;;;;;;;525;METER;;;;;;attr_opt_attr_237;;;;0;;;;;;;;;;;;;;;;;;;;;attr_opt_attr_213;attr_opt_attr_597;attr_opt_attr_596;;;;;;;;;;;;;;;;;;;;;;;"Totam aliquid quia sed voluptatem repudiandae rem voluptatem.";"Eum voluptatum nemo ab enim quis quae.";;;;;30
id-945;fam_7;;;"Ut iusto non ut.";attr_opt_attr_66;;;;;;;;;;0;;;;;;;;;;;;;;;;;;;;;;;;;;;;;;;;;;;85;;;;;;522;108;;;;;;;869;220;;;;;;;;;;;;;;;;1983-01-28;;;741;attr_opt_attr_562;;;;;;;;;;688;814;METER;;;;;;;;;;;;;;;;;;;;"Excepturi accusamus eum et.";;;;;;;;;;;;
id-946;fam_23;;;"Dolor officiis doloremque illum et facere itaque.";;;;;;;;;;;;;;;;;;;;"Quo quos sit ut maiores fugit.";;;;;;;"In dolore odit ut dolores voluptatem.";;;;;;;;;;;;;;;;0;;;;;;;;;;;;;;;;"Aspernatur qui est vero.";813;137;;;;;;;;;;;"Qui voluptas hic qui et dicta doloremque voluptates eius.";;;;;;;;;;;;;254;METER;;;;;;;;;;;;;;;;;;885;660;;;;;;;;;;;;;;;;;;;;
id-947;fam_19;;;;;;;;;;;;;;;;;;;;;;;;;;;;;556;"Praesentium eveniet consequuntur autem sed sint enim voluptate.";;;;;;;;;;;;;;;;;;;;;;;;;;;;;;679;METER;;;;;;;;"Nihil quo perspiciatis quisquam eligendi.";;;;;;"Nisi quibusdam ratione veritatis.";;263;;;2006-02-05;"Quibusdam molestias totam perspiciatis ut commodi velit.";;;;;;;;;;;;;;;;;;;;;;;;;;;;;;;;;;;;;;;;;;;attr_opt_attr_911;;;;
id-948;fam_14;;;;;;;;;;;;;;;;;;"Necessitatibus cum laboriosam voluptatum officiis sapiente adipisci consequatur.";"Doloribus eveniet vitae officia commodi itaque.";;;;;;;;;;;;;;;;;;;;;attr_opt_attr_344;;;;;;0;;;;attr_opt_attr_633;;;;;;;;;;925;METER;;;;;;;;;;;;;2005-09-29;;;;;;;;;435;;;;;;;;;;;;;;;attr_opt_attr_596;attr_opt_attr_596;;;;;;;;;;;;;;;;;;;;;;;;;;;;;
id-949;fam_14;;;;;;;;;;;;;;;;;;"Omnis impedit est eligendi reprehenderit rerum maiores fuga sit.";"Quia sint voluptate ab sunt quia deleniti.";;;;;;;;;;;;;;;;;;;;;;;;;;;;;;;;;;;;;;;;;;;"Deleniti autem tenetur sapiente consequatur fugit.";;;;;;;;;;;;;;0;;1973-05-13;1986-08-23;;"Porro earum inventore dolorem corrupti quia.";;;;;;;;;;;;;;;;;attr_opt_attr_592;attr_opt_attr_593;;;0;1;;;;;;;;;1;0;;;"Distinctio est quia libero.";;;610;METER;;;;;;;;921
id-950;fam_38;;;;;;;;;;;;attr_opt_attr_646;;;;;;;;364;;;;;;;;;;"Exercitationem beatae et sapiente suscipit.";;;;;;;;attr_opt_attr_05;attr_opt_attr_07;;;;;;;;"Ducimus sit dolores dolores beatae dolorem.";;;;;;;;449;150;;;;;;;;;;;;;;;;;;;;0;;;;;;;;;;;;334;METER;;;;;;;;;attr_opt_attr_594;attr_opt_attr_590;;;;;;;;;;;;;;;;;;;;;;;;;attr_opt_attr_910;;929;METER;
id-951;fam_8;;;"A laboriosam qui culpa perferendis.";;;;;;;;;;;1;;;;;;;;;;;;;;;;;;;;;;;;attr_opt_attr_04;attr_opt_attr_02;;;;;;;;;;;attr_opt_attr_631;;;;;;;;;;;;;;;560;METER;;;;;;;;1974-08-21;;1;;;;;;;;;;;;;;;;;;;;;;;;;;;;;;;;;;;;;;;;;;0;;;;;;;;;;
id-952;fam_19;;;;;;;;;;;;attr_opt_attr_644;;;;;;"Aut similique in aut omnis.";"Qui sequi eos laboriosam beatae qui vitae iusto perspiciatis.";;;;;;;"Veniam aliquam ad illo illum harum.";;;;;;;;;;;;;;;;;;;;;;"Rerum est voluptates at minus aperiam architecto.";529;;;;;;;;;;;;;;;;;;;;;;;;;;"Possimus ipsa fugiat totam molestias ut.";;;;;2010-10-02;;;;;;;;;;;;;;;;;;;;;;;;;;;;;;;;;;;;;;;;;;;;;;;;
id-953;fam_19;;;;;;;;;;;;;;;;;;;;;;;;;;;;;;"Illum quos qui ipsa corporis earum eius asperiores.";304;METER;772;488;;;;;;;;attr_opt_attr_961;;;;;;"Quam qui tempora eum sed.";;;;;;;;;;;;;;;;;;;;;;;;;;;"Dolorem porro eum iusto voluptatum at suscipit.";;;;;2007-07-23;;;;;;;;;;;;;;;;;;;;;;;;;;;;;;;;;;;;"Libero eos ipsum laboriosam dolor debitis.";;;;;126;;;;;;;
id-954;fam_0;;;"Magnam quae non alias qui sequi est sunt.";;;;;;;;;;;;;;;;;;;;;;;;;;;;;;;;196;;;attr_opt_attr_05;attr_opt_attr_09;attr_opt_attr_340;;;;;;;;;;attr_opt_attr_635;;;;;;;;2003-09-19;1976-12-10;;;;;;;;;;;;;;;;;;;;;;;;;attr_opt_attr_564;;;;;;;;;;;;;;;;;;;;;;;;;;;;0;1;;;;;;;;;;;;;;;
id-955;fam_48;;;;attr_opt_attr_61;;;;;;;;;;;0;;;;;;;;;;;;;;;;;;;;;;;;;;;;2010-09-01;;;;;;;;;;;;;;;;;;;;;;;;;;;attr_opt_attr_526;;attr_opt_attr_235;;;;1;269;1995-01-04;2000-10-31;;;;330;;;;;;;;;;;;;;;;;;;;;attr_opt_attr_159;;;;;;;;;;;;;;;;;;;;;;;;
id-956;fam_31;;;;;;;;;492;METER;;;;;;;"Ad aut consequatur deserunt quidem ratione.";;;;;;;;;;;;;;;;;;;;;;;attr_opt_attr_344;;;;;;;;;;;;;;;;;;;;;;;426;827;;;;;;;;;;;;;;;;;;;;;;;;;;;;attr_opt_attr_498;;;;;;;;;1;;;;;;;;;;;;;;;;;;;;;;;;;;;
id-957;fam_12;;;;;;;;;331;METER;;;;;1;;;;;;;;;;;;;;;;;;424;382;;;;;;;;;1990-07-16;;;;;;;;;;;;;;;;;;;;;;;;;1997-08-20;;;;;;;;;;;;;;;;;;;;;;942;853;;;679;;;;;;;;0;1;;;;;;;;;;;;;;;;;;;;;;;;;
id-958;fam_6;;;;;1;;;;;;;;;;;0;;;;;;;;;;"Nobis consequatur in aut et.";;;969;;;;;;;;;;;;attr_opt_attr_254;;;;;;;;;;;;;;;;;;;;;;;;;;;;;;;;;;;;;1989-09-11;1972-10-01;;;;720;attr_opt_attr_562;;;;;;;;;;;;;;;;;;;;attr_opt_attr_153;;;;;;;;;;;;;;;;;;;;;;;;
id-959;fam_29;;;;;;;;;;;;;;;;0;;;;;;;;;;;;;;;;;;;;;;;;;;;;;;;;;;;695;737;;;;;;;;707;METER;"Commodi delectus ut facilis distinctio numquam.";;;;;;;;;;;;1995-03-05;;;;;;;;;;;;;;;;;;;;;;;;attr_opt_attr_594;attr_opt_attr_590;;;;;;;;;;;;;;;;;;;;;;;;;;;;;
id-960;fam_10;;;;;;;;;;;;;;;;;;;;991;;;;;;;;;;;;;105;713;;;;;;;attr_opt_attr_254;;;;2006-03-18;;;;;;;;;;;;;;;;;;;;;;;;;;;attr_opt_attr_234;;;;;;;;;;;;;;;;842;METER;;;;;;372;METER;;;;;;;;;;;;;1983-02-23;;;;;;;;;;;;;;;;;;;
id-961;fam_23;;;;;;;;;811;METER;;;;;;;;;;;;;;;;;;;;;;;;;;;;attr_opt_attr_03;attr_opt_attr_07;;;;2010-11-24;;2011-12-24;1;;;;;;;;;;;;;;;;;450;451;;;;;;;;;;;;;152;;;;;;;;;;;;;;;;;;;;;;;;;0;1;attr_opt_attr_158;;;;;;;;;;;;;;;;;;;;;;;;
id-962;fam_35;;;"Et ab earum velit id eum.";;;;47;579;;;;;;;;;;;;;;;;;;"Et dicta doloribus occaecati deleniti.";;;;;;;;;;;;;;attr_opt_attr_346;attr_opt_attr_256;;;;;;;;;;320;735;;;;;1;;;;;;;;;;1978-09-26;;"Distinctio dolor commodi maiores illo aut consequatur aut dolor.";;;;;;;;;;;;;;;;;;;;;;;;;;;;;;;;;;;;;;;;;;;;;;;;;;;;247;;;;;;;
id-963;fam_15;;;;;;;;;;;;;;;;;;;;;;;;;;;;;;;;;;;;;;;;;;;;;;;;;;attr_opt_attr_638;655;805;;;;;;;;744;METER;;;;;;;2008-12-04;"Aut quos distinctio qui culpa sed.";;;;;;;;;;;;;;;;;70;723;;;;;;;;;;;;;;;;;;;;;;;;;;;;;;;;;;941;"Qui maiores sit atque possimus distinctio.";;;;;;
id-964;fam_38;;;;attr_opt_attr_65;;;;;;;;;;;;;;;;774;;;;;;;;;;;721;METER;;;;;;;;;;attr_opt_attr_961;2013-12-07;;;;"Quo esse velit dolor incidunt.";;;;;;;;;;;;;;;;;;;;;;;;;;;;;;;;;;"Sequi aut esse exercitationem qui et blanditiis ea.";;;;;;;;;;;;;;;;;;;689;;;;;;;;;;;;;;;;;;;;;379;;;;;;;
id-965;fam_21;;;;;;;;;;;;;;;;;;;;;;;;;;;;;;;;;471;790;;;;;;;;;;;;;;;;;;;;;;;;;;;;"Id molestiae facere perferendis qui sunt doloremque.";;;;;;;;;;;;;;;;;;;;;335;;;;;;;;;;;;;;;;;258;;;;;;;;;;;;;;;;"Expedita quia quod soluta at quas nihil rerum.";;1;;;;;;;;;;
id-966;fam_11;;;;;;;;;;;;;;;0;;;"Accusamus iste officiis deleniti sint vitae dolores vel et.";"Et omnis quos sit impedit nihil.";447;;;;;;;;;527;;;;;;;;;;;;;;;;;;;;;;;;;;851;990;;;;;;;;;;;;;;;;;;;;;;2004-05-23;1985-12-06;;;;;;;;;;;;;;;;136;METER;attr_opt_attr_211;;;;;;;;;;;;;;;;;;;;;;329;METER;;;;;;;;
id-967;fam_2;;;;attr_opt_attr_60;;;;;565;METER;;attr_opt_attr_648;;;;;;;;;;;;;;"Laborum accusantium laudantium quos qui reprehenderit.";;;;;;;;;;;;;;;;;;;;;;;;;;;;;;;;;;755;METER;;;;;;;;;;;attr_opt_attr_231;;;;;;;;1976-02-07;;;;;;;;;;742;681;;;;;;;;;;;;;;955;32;;;;;;;;;;;;;;;;;;attr_opt_attr_911;;;;
id-968;fam_33;;;;;0;;;;;;;attr_opt_attr_645;;;;;;;;;;;;;;;;;136;;;;763;481;;;;;;;;;;;;;;;;;;;;;;;;;;;;;;;;;;;;;;;;;;1;;1973-02-22;2003-02-23;;;;980;;;;;;;;;;;;;;;;;;;;;;;;;;;;;;;;;;;;;;;;;;;;;
id-969;fam_39;;;;;;;;;;;;;;;;;"Ut quisquam distinctio quia.";;;174;;;;;;;;;357;;;;;;;;;;;;;;;;;;;;;;;;;;;;;;;;;;;;;;;;;;;;;;;;;;;;;;;;;;;;;;;;;;692;METER;;attr_opt_attr_591;attr_opt_attr_598;;;;;;;;;;;;;1;1;;;;;;;;;;;;;;;
id-970;fam_41;;;"Nobis voluptatibus similique eveniet.";;;;;;;;;;;;;;;;;;;;;;;;;;;;;;;;;;;;;attr_opt_attr_343;attr_opt_attr_257;attr_opt_attr_966;;;;;;;;;;;;;;;;2009-12-07;1996-09-24;;;;;;;;;;;;;;;;;;;;;;;;;;;;;;;;;;;;;;attr_opt_attr_210;;;;;0;0;;;;293;689;;;;;;;;;;;;;;;"Voluptatum ullam est perspiciatis sed iusto pariatur omnis et.";;;;;
id-971;fam_29;;;;;;;;;;;;;;;;;;;;;;;;;;;;;;;;;;;;;;;;;;;;;;1;;;;;;;;;;;;;;;;;;;;;;;;;;;;;;;;1976-10-19;2007-05-23;;;;856;;;;;;;;;;;;691;METER;;;;;;;;;681;426;849;866;;;;;;211;METER;;;0;;;;;;;;;;
id-972;fam_28;;;;;;;;;;;;;;1;;;;;;;;;;;;;;;;;;;;;;;;;;;;;;;;;;;;;;;;;;;;;;;;;;;;;2013-10-09;1977-06-19;;;;;;;;;;;;;;;946;;;;;;;509;734;;;;;;;;;;;0;0;;;;;;;;;;;;;;;;618;METER;;;;;;;;
id-973;fam_5;;;;;;;;;;;;;;;;;;;;;1985-07-05;;;;;;;;;;;;;;;;;;;;;;;;;;;;;;;;;;;;;;;;;;;;;;;1993-09-09;;;;;;;;;961;1982-10-30;1980-12-29;1989-01-20;;;;attr_opt_attr_565;;359;363;;;;;;;;;;;attr_opt_attr_599;attr_opt_attr_592;;;;;;;;;;;;;1;0;;;;;;;;;;;;;;;
id-974;fam_49;;;;;;;;;;;;;;;;;;;;;;;;;;;;;;;153;METER;;;;;;;;;;;1975-05-23;;;;;;293;;;;;;;;;1974-07-25;1996-06-20;;;;;;;;1973-09-09;;;;;;;;;;;;;;"Excepturi praesentium consequatur non iure quibusdam.";;;;;;;;;;;attr_opt_attr_492;;;;;;;;;;;;;;;139;593;;;;;;;;;;;;;;;;;;;;
id-975;fam_11;;;"Voluptas exercitationem reprehenderit est dolorem eos eum.";attr_opt_attr_69;;;;;;;;;;;;;;"Ut quaerat similique non voluptas.";"Nisi voluptatibus nihil nam eum iure illum nostrum.";;;;;;;;;;;;;;;;;;;;;;;attr_opt_attr_963;;;;;;;;;;;;;;;;;;;;;;;;;;;;;;;;;;;;1993-12-10;1978-09-20;;"Blanditiis similique doloribus voluptas sit at rerum excepturi sed.";;;;;;;;;;;;;;;;attr_opt_attr_211;;;;;;;;36;592;;;;;;;;;;;;;436;METER;989;;;attr_opt_attr_917;;;;
id-976;fam_42;;;;;;;;;;;;;;;;;;;;;;;;;;;;;;;;;;;;;;;;;;;;;;1;;;;;;;;;;;;;;;;;;;;;;;;;;;;;;;;;;;;;;;;;;35;METER;;;;"Ut ut adipisci qui voluptates rem quo nihil.";;586;METER;;;;;;;;;;;;;;;;;;;;;;0;408;METER;;;;;;;;
id-977;fam_11;;;;;;;;;;;;;;;0;;;"Aut voluptas esse reiciendis corporis.";"Ut commodi nam minus pariatur dignissimos.";;;;;;;;;;;;;;;;;;;;;;;;;;1975-01-02;;;;59;;;;;;;;;;;904;METER;;;;;;;;;;;;;;;;;1980-07-06;1975-03-15;;;;;;;;;;;;;;;;;;;;;;;;;;283;943;;;;;;;;;;;;;;;;;;;;;;
id-978;fam_3;;;;;;;;;;;;;;;;;;;;;;;;;;;;;;;;;;;;;;;;;;;;;;;;;;;;;;;290;960;;;;;;;;;212;METER;;;;;;attr_opt_attr_231;;;;;;;;;"Et debitis ab iusto fugiat.";;516;;;;;968;METER;912;789;;;;914;METER;;;;;;;;;;;;;;;;0;1;;;;;;;;;;;;;;;
id-979;fam_42;;;;;;;;;;;;;;;1;;;;;;;;;;;;;;;;;;357;206;;;;;;;;;1973-03-16;;;;;;;;;;;;;;;;;;;;;;;;;;;attr_opt_attr_528;;;;;;;;;;;;;;;;;;406;METER;;;;;;941;METER;;;;;;;;;;;;;;;;;;;;;;;;;;"Quia vero aut sunt est molestias.";;;;;;
id-980;fam_15;;;"Quia sint eaque sequi omnis.";;;;;;;;;;;;;;;;;;;;;;;;;;;"Facere ipsam debitis ut non.";608;METER;;;;;;;;;;;;;2008-03-04;1;"Nostrum aperiam quis expedita dolor unde sit quos.";;;;;;;;;;;;;;;;;;;;;;;;;;;;;1;;;;;;;;;;;;;;;;;;858;;;attr_opt_attr_212;;;;;;;;;;;;;;;;;;;;;;;;;;;;;;;
id-981;fam_28;;;;;;;;;;;;;;;;;;;;;;;;;;;;;68;;913;METER;;;;;;;;;;;;;;;;;;;978;398;;;;;;;;;;;;;;;;;;;;attr_opt_attr_231;;;;;;;;;;;;;;;;;;292;209;;;667;351;METER;;attr_opt_attr_596;attr_opt_attr_597;;0;;;;;;;;;;;;;;;;;;;;;;;;;;;
id-982;fam_38;;;;;;;;;;;;;;;;;;;;;;;;;;;;;;;;;;;;;;;;;;;;;;;"Tempore rerum maxime quas exercitationem fuga quam rerum.";;943;;;;;;38;621;;;;;;;;;;;;;;;;;;;;1;;;;;;;;attr_opt_attr_568;;;;;;;;;;;;;;;;;0;;;attr_opt_attr_157;;;;;;;;;;;;;;1;;;;;;;1;;;
id-983;fam_23;;;;;;;;;;;;;;;;;;"Quis cupiditate facere mollitia nemo fugiat quis voluptatem.";"Sint saepe et error est.";736;;;;;;;;;;"Cum dicta consequuntur iure temporibus voluptatibus reiciendis ut.";;;;;;;;;;attr_opt_attr_343;;attr_opt_attr_968;;;;;;;;;;;;;251;429;;;;;;;;;;;;;;;;;;;;;;;;1986-02-10;;;;;;;;;;;;;;;;;;attr_opt_attr_592;attr_opt_attr_597;;;;;;;;;;;;;;;;;;;;;;;"Sit sunt in nobis minus facere.";;;1;;;
id-984;fam_17;;;;attr_opt_attr_68;;;;;;;;;;;;;;;;;;;;;;;;;;;;;;;;;;;;;;;;;2009-11-16;;"Incidunt quaerat nobis non excepturi aut culpa rerum.";;;;;;;;;;;;;382;METER;"Ullam neque mollitia a.";;;;;;;;;;;;;;;;;;;;;;;;;;;;;;;;834;;;;;;;0;0;1;attr_opt_attr_157;;;;;;;;;;;;;;;;;816;;;;;;;
id-985;fam_14;;;;;;;;;;;;;;;;;;;;;;;;;;;;;;;;;;;;;;;;;;;;;;;;;;;848;234;;;;;;;;538;METER;;;;;;2010-08-21;;;;;;;;"Fugiat odio eos et doloremque accusantium minima.";;;;;;"Vero impedit laudantium consequatur cupiditate quo debitis.";;438;;;;;;;;;;;;;;;;;;;;;;;;;;;;;0;1;111;METER;;;;;;;"Aperiam nihil dicta magnam sed non odit.";;;;;;
id-986;fam_44;;;;;;;;;;;;;;;;;"Earum quo sequi architecto sit rerum.";;;;;;;;;;;;;;;;;;;;;;;attr_opt_attr_342;;;;;;;;;600;;;;;;;;;;;613;METER;;;;;;;;;;;;;;;;;;;;;;719;;;;;;;;;attr_opt_attr_495;;;;;;attr_opt_attr_599;attr_opt_attr_591;852;0;0;1;;;;;;;;;;;;;"Illo accusantium qui soluta aperiam et eum modi.";;;;;;;;;;;;
id-987;fam_18;;;"Sed dolores labore dolores quia.";;;;;;;;;;;;;;;;;528;;;;;;;;;;;;;;;;;;;;;;;;;;;;;;;;;;;;;;;;;;;;;;;;;;;;;;;;;;;;;"Consequatur officia dolor nobis.";;;;;;;584;METER;;;;;;;;;;;;;0;1;;849;519;;;;;;;;;;;;0;;;;;;;;;;499
id-988;fam_33;;;;;;;;;;;;;;;;;"Eaque magnam assumenda assumenda officia.";;;;;;;;;;;;;;;;;;;;;;;;;;;;1986-01-12;;;;;;;;;;;;;;;;;;;;;;;;;;;attr_opt_attr_232;;;;;;2013-08-27;2006-09-05;;"Tenetur eos voluptatibus est magni.";;;;;;;;;;;attr_opt_attr_496;;282;;;;;;;;;;;;;158;698;;;;;;;;;;;;;335;;;;;;;
id-989;fam_48;;;;;;;;;;;;;;;;;;;;;;;;;;"Deserunt nihil optio vel qui reiciendis nobis error.";;;370;"Amet iste consequatur itaque.";;;;;;;;;;;;;;;;;"Quia qui eveniet omnis.";;;;;;;;;;;;;;;"Velit consequuntur sit voluptatem rem reprehenderit quaerat.";;;;;;;;attr_opt_attr_528;;;;;;;;;;;;;442;;;;;;;;;;;;;;;;;;;;;;;;;;;;;;;;;"Officia non aut delectus cum consequuntur ratione quisquam quia.";;;;;;"Omnis cum inventore totam rerum minus beatae sed.";;;0;;;
id-990;fam_24;;;;;;;846;934;;;;;;;;;;;;;;;;;;"Provident molestiae laudantium voluptatibus.";;;;;;;;;;;;;;attr_opt_attr_342;;;;;;;;"Numquam blanditiis ex rem tempore possimus.";;;;;;;;;;;;;;;;;;;;;;;;;;1982-06-22;;;;;;;;;;;;469;233;;;;;;;;;;;;;;0;;;;;;;;;;;;;;;;;;;;;;;attr_opt_attr_919;;;;714
id-991;fam_43;;;"Veritatis recusandae est fugiat sit praesentium atque aliquid omnis.";;;;;;;;;;;;;;;;;;;;;;;;;;;;;;;;;;;;;;;;;;2004-12-31;;;;421;;;;;;;;;;;;;;;;;;;;;attr_opt_attr_520;;;;;"Repudiandae sit in natus eum rerum est ab.";;829;;;;;;;;;;;;;;;;"Cum voluptatem esse voluptas soluta at sit.";;;;;;;;;;;;;;;;;;;0;1;;;;;;;;;;;;0;581;METER;
id-992;fam_2;;;;attr_opt_attr_63;;;;;;;;;;1;;;"Sit sit non enim voluptas molestias qui.";;;;;;;;;;;;;;;;;;;;;;;;;;;;;;;;;;;;;;348;491;;;;;;;;;;;;;;;;attr_opt_attr_235;;;;;;;;;;;;;;;;;;;;;;;;;;;;;;;;;;;;;;;;;;;;;;0;;;;;;;;341;METER;
id-993;fam_17;;;;;;;;;;;;attr_opt_attr_648;;;;;;;;;;;;;;;;;;;;;;;;;;;;;;attr_opt_attr_966;;;;1;"Quo fuga quia minus voluptatem natus et tempora.";;;;;;;;;;1;;;;;;;;;;;;;;;;;;;;;;;;"Perspiciatis et dolorem ullam perspiciatis dolore iusto qui beatae.";;;attr_opt_attr_563;;;;;;;;attr_opt_attr_499;;;753;METER;;;;;;;;;;;;;;;;;;73;METER;;;;;;302;;;;;;;
id-994;fam_1;;;;;;;926;821;373;METER;;;;;;;;"Voluptas et perferendis cumque et aut.";"Explicabo sit voluptatem accusantium.";;;;;;;"Voluptas quam unde quaerat nesciunt quis corporis minima.";;;;;;;;;;;;;;;;;;;;;;;;;;;;;;;;;;;;;;;766;METER;;;;attr_opt_attr_527;;;;;;;87;;;2001-05-25;;;;;;526;830;;;;;;;;;;;attr_opt_attr_599;attr_opt_attr_590;;;;;;;;;;;;;;;;;;;;;;;;;;;;;
id-995;fam_39;;;;;;;;;;;;;;0;;;"Officia ex deserunt sed architecto autem et.";;;;;;;;;;;;;;632;METER;;;;;;;;;;;;;;;;"Sit et laborum pariatur.";;attr_opt_attr_633;;;;;;;;;;;;;;;;;;;;attr_opt_attr_523;;attr_opt_attr_230;;;;1;;;;;;;;;;;;;;;;;;;;;;;;;;;;;;;;;;;;;;;;;;;;;51;;;;;;;
id-996;fam_1;;;"Recusandae consectetur accusantium voluptatum illo.";attr_opt_attr_67;0;;;;;;;attr_opt_attr_648;;;;;;;;;;;;;;"Iste natus rerum placeat ab reprehenderit sit rerum.";;;;"Quia doloremque et quae ducimus voluptatem eos ut.";;;;;;;;;;;;;;;2002-10-02;;;;;;795;844;;;;;;;;;;;;;;;;;;attr_opt_attr_520;;;;;;;;;;;;;;;;58;490;;;;;;;564;;;attr_opt_attr_213;;;;;;;;;;;;;;;;;;;;;;;;;;;;;;;
id-997;fam_47;;;;;;;;;;;;;;;;1;;;;;1972-09-16;;;;;;;;;;;;;;724;;;;;;;;;;;0;;;;;;;;;;;;;;;;"Alias mollitia architecto quisquam nostrum minima quis in.";;;903;METER;1973-05-06;;;;;;;;;;;;;;;;;;;;;;;;;;;;;;;;;;;;;;;;;;;;;;;888;METER;;;;;;;;;;;;;175
id-998;fam_20;;;;;;;;;;;;;;;;;;;;;1993-11-04;;;;;;;;;;591;METER;126;515;;;;;;;;;;;;;;;;;;;;;;;;;;;;;;;;;;;;attr_opt_attr_528;;;;1977-07-29;;;;;;1990-10-06;;;;;;;;;;;;;;;;;;;;;;;;;;;585;65;;;;;;;;;;;526;METER;;;;;;;;
id-999;fam_27;;;;;;;;;;;;;;;;;;;;;;;"Molestias qui sit id suscipit inventore ex.";;;;;;;"Molestiae culpa rerum sed aut.";;;;;;;;;;;;attr_opt_attr_966;;;;;;"Asperiores quae voluptas molestias dolorum.";;attr_opt_attr_630;;;;;;;1;2013-03-25;1982-05-18;;;;;;568;METER;;;"Amet iusto nostrum sequi consequatur.";;;;;;;;;;;;;;;;;963;343;;;;;;;;;;;;;476;;;;;;;;;;;;;;;;;;;;;;;;;;;;
